60 233238 2.63781e+07 3887.3 -34.3708
120 466476 2.6376e+07 3887 -68.7376
180 699696 2.63719e+07 3886.39 -103.098
240 932879 2.63657e+07 3885.48 -137.448
300 1.16601e+06 2.63575e+07 3884.26 -171.787
360 1.39906e+06 2.63472e+07 3882.74 -206.111
420 1.63203e+06 2.63348e+07 3880.92 -240.417
480 1.86488e+06 2.63204e+07 3878.8 -274.703
540 2.09761e+06 2.63039e+07 3876.37 -308.967
600 2.33019e+06 2.62854e+07 3873.64 -343.204
660 2.56261e+06 2.62648e+07 3870.61 -377.414
720 2.79485e+06 2.62421e+07 3867.27 -411.593
780 3.02688e+06 2.62174e+07 3863.64 -445.738
840 3.2587e+06 2.61907e+07 3859.7 -479.847
900 3.49028e+06 2.61619e+07 3855.46 -513.918
960 3.72161e+06 2.61311e+07 3850.92 -547.946
1020 3.95267e+06 2.60982e+07 3846.08 -581.931
1080 4.18343e+06 2.60633e+07 3840.94 -615.869
1140 4.41389e+06 2.60263e+07 3835.5 -649.757
1200 4.64402e+06 2.59873e+07 3829.76 -683.593
1260 4.8738e+06 2.59463e+07 3823.72 -717.374
1320 5.10323e+06 2.59033e+07 3817.39 -751.098
1380 5.33227e+06 2.58582e+07 3810.76 -784.761
1440 5.56092e+06 2.58111e+07 3803.83 -818.362
1500 5.78915e+06 2.5762e+07 3796.6 -851.898
1560 6.01694e+06 2.57109e+07 3789.08 -885.366
1620 6.24429e+06 2.56578e+07 3781.27 -918.763
1680 6.47116e+06 2.56027e+07 3773.16 -952.086
1740 6.69755e+06 2.55455e+07 3764.75 -985.334
1800 6.92344e+06 2.54864e+07 3756.06 -1018.5
1860 7.1488e+06 2.54253e+07 3747.07 -1051.59
1920 7.37362e+06 2.53622e+07 3737.79 -1084.6
1980 7.59789e+06 2.52971e+07 3728.22 -1117.52
2040 7.82158e+06 2.52301e+07 3718.36 -1150.35
2100 8.04469e+06 2.51611e+07 3708.21 -1183.08
2160 8.26718e+06 2.50901e+07 3697.77 -1215.73
2220 8.48904e+06 2.50171e+07 3687.05 -1248.28
2280 8.71027e+06 2.49422e+07 3676.03 -1280.73
2340 8.93083e+06 2.48654e+07 3664.74 -1313.07
2400 9.15071e+06 2.47866e+07 3653.16 -1345.32
2460 9.3699e+06 2.47059e+07 3641.29 -1377.46
2520 9.58838e+06 2.46232e+07 3629.15 -1409.48
2580 9.80613e+06 2.45387e+07 3616.72 -1441.4
2640 1.00231e+07 2.44522e+07 3604.01 -1473.2
2700 1.02394e+07 2.43638e+07 3591.02 -1504.89
2760 1.04548e+07 2.42735e+07 3577.75 -1536.45
2820 1.06695e+07 2.41813e+07 3564.21 -1567.9
2880 1.08834e+07 2.40872e+07 3550.39 -1599.22
2940 1.10964e+07 2.39913e+07 3536.3 -1630.42
3000 1.13086e+07 2.38935e+07 3521.93 -1661.48
3060 1.15199e+07 2.37938e+07 3507.29 -1692.42
3120 1.17303e+07 2.36922e+07 3492.37 -1723.22
3180 1.19398e+07 2.35888e+07 3477.19 -1753.88
3240 1.21485e+07 2.34836e+07 3461.74 -1784.41
3300 1.23562e+07 2.33765e+07 3446.02 -1814.79
3360 1.25629e+07 2.32676e+07 3430.04 -1845.04
3420 1.27687e+07 2.31569e+07 3413.79 -1875.13
3480 1.29736e+07 2.30444e+07 3397.27 -1905.08
3540 1.31774e+07 2.29301e+07 3380.5 -1934.88
3600 1.33802e+07 2.2814e+07 3363.46 -1964.52
3660 1.3582e+07 2.26962e+07 3346.16 -1994.02
3720 1.37828e+07 2.25765e+07 3328.61 -2023.35
3780 1.39825e+07 2.24551e+07 3310.8 -2052.52
3840 1.41812e+07 2.2332e+07 3292.73 -2081.54
3900 1.43787e+07 2.22071e+07 3274.41 -2110.38
3960 1.45752e+07 2.20805e+07 3255.84 -2139.07
4020 1.47706e+07 2.19521e+07 3237.02 -2167.58
4080 1.49648e+07 2.18221e+07 3217.95 -2195.92
4140 1.51579e+07 2.16903e+07 3198.63 -2224.09
4200 1.53498e+07 2.15569e+07 3179.07 -2252.09
4260 1.55405e+07 2.14217e+07 3159.26 -2279.91
4320 1.57301e+07 2.12849e+07 3139.21 -2307.54
4380 1.59184e+07 2.11465e+07 3118.92 -2335
4440 1.61056e+07 2.10064e+07 3098.39 -2362.27
4500 1.62915e+07 2.08647e+07 3077.62 -2389.36
4560 1.64761e+07 2.07213e+07 3056.62 -2416.26
4620 1.66595e+07 2.05763e+07 3035.38 -2442.97
4680 1.68416e+07 2.04297e+07 3013.91 -2469.49
4740 1.70225e+07 2.02816e+07 2992.21 -2495.81
4800 1.7202e+07 2.01318e+07 2970.28 -2521.94
4860 1.73802e+07 1.99805e+07 2948.12 -2547.87
4920 1.75571e+07 1.98276e+07 2925.74 -2573.6
4980 1.77327e+07 1.96732e+07 2903.14 -2599.13
5040 1.79069e+07 1.95173e+07 2880.31 -2624.45
5100 1.80797e+07 1.93598e+07 2857.27 -2649.57
5160 1.82511e+07 1.92008e+07 2834 -2674.48
5220 1.84211e+07 1.90404e+07 2810.52 -2699.18
5280 1.85898e+07 1.88784e+07 2786.83 -2723.67
5340 1.8757e+07 1.8715e+07 2762.93 -2747.94
5400 1.89228e+07 1.85501e+07 2738.81 -2772
5460 1.90871e+07 1.83838e+07 2714.49 -2795.85
5520 1.925e+07 1.8216e+07 2689.97 -2819.47
5580 1.94114e+07 1.80469e+07 2665.23 -2842.87
5640 1.95713e+07 1.78763e+07 2640.3 -2866.05
5700 1.97297e+07 1.77043e+07 2615.17 -2889.01
5760 1.98866e+07 1.7531e+07 2589.84 -2911.74
5820 2.0042e+07 1.73563e+07 2564.31 -2934.24
5880 2.01959e+07 1.71802e+07 2538.59 -2956.51
5940 2.03482e+07 1.70028e+07 2512.68 -2978.55
6000 2.04989e+07 1.68241e+07 2486.58 -3000.36
6060 2.06481e+07 1.66441e+07 2460.3 -3021.94
6120 2.07957e+07 1.64628e+07 2433.83 -3043.28
6180 2.09418e+07 1.62802e+07 2407.17 -3064.38
6240 2.10862e+07 1.60963e+07 2380.34 -3085.24
6300 2.1229e+07 1.59112e+07 2353.32 -3105.86
6360 2.13702e+07 1.57249e+07 2326.13 -3126.24
6420 2.15098e+07 1.55373e+07 2298.77 -3146.37
6480 2.16477e+07 1.53485e+07 2271.24 -3166.26
6540 2.1784e+07 1.51585e+07 2243.53 -3185.9
6600 2.19186e+07 1.49674e+07 2215.66 -3205.3
6660 2.20515e+07 1.47751e+07 2187.63 -3224.44
6720 2.21828e+07 1.45816e+07 2159.43 -3243.34
6780 2.23124e+07 1.4387e+07 2131.07 -3261.98
6840 2.24402e+07 1.41913e+07 2102.55 -3280.37
6900 2.25664e+07 1.39945e+07 2073.88 -3298.5
6960 2.26908e+07 1.37965e+07 2045.05 -3316.37
7020 2.28135e+07 1.35976e+07 2016.08 -3333.99
7080 2.29345e+07 1.33975e+07 1986.95 -3351.35
7140 2.30537e+07 1.31964e+07 1957.68 -3368.45
7200 2.31712e+07 1.29943e+07 1928.27 -3385.29
7260 2.32869e+07 1.27912e+07 1898.71 -3401.86
7320 2.34008e+07 1.25871e+07 1869.02 -3418.17
7380 2.35129e+07 1.2382e+07 1839.19 -3434.22
7440 2.36233e+07 1.2176e+07 1809.22 -3450
7500 2.37318e+07 1.1969e+07 1779.12 -3465.51
7560 2.38386e+07 1.1761e+07 1748.9 -3480.76
7620 2.39435e+07 1.15522e+07 1718.54 -3495.73
7680 2.40466e+07 1.13424e+07 1688.07 -3510.44
7740 2.41479e+07 1.11318e+07 1657.47 -3524.87
7800 2.42473e+07 1.09203e+07 1626.75 -3539.03
7860 2.4345e+07 1.0708e+07 1595.92 -3552.92
7920 2.44407e+07 1.04948e+07 1564.97 -3566.53
7980 2.45346e+07 1.02808e+07 1533.91 -3579.87
8040 2.46266e+07 1.0066e+07 1502.74 -3592.93
8100 2.47168e+07 9.85045e+06 1471.46 -3605.71
8160 2.48051e+07 9.6341e+06 1440.08 -3618.22
8220 2.48915e+07 9.41701e+06 1408.6 -3630.45
8280 2.4976e+07 9.19918e+06 1377.02 -3642.39
8340 2.50586e+07 8.98064e+06 1345.34 -3654.06
8400 2.51394e+07 8.7614e+06 1313.57 -3665.45
8460 2.52182e+07 8.54147e+06 1281.7 -3676.55
8520 2.52951e+07 8.32088e+06 1249.75 -3687.37
8580 2.53701e+07 8.09964e+06 1217.71 -3697.91
8640 2.54431e+07 7.87776e+06 1185.59 -3708.17
8700 2.55143e+07 7.65527e+06 1153.39 -3718.14
8760 2.55835e+07 7.43218e+06 1121.1 -3727.83
8820 2.56507e+07 7.20851e+06 1088.75 -3737.23
8880 2.5716e+07 6.98428e+06 1056.32 -3746.34
8940 2.57794e+07 6.7595e+06 1023.81 -3755.17
9000 2.58409e+07 6.53419e+06 991.244 -3763.71
9060 2.59003e+07 6.30837e+06 958.609 -3771.96
9120 2.59578e+07 6.08205e+06 925.911 -3779.92
9180 2.60134e+07 5.85525e+06 893.152 -3787.6
9240 2.6067e+07 5.628e+06 860.336 -3794.99
9300 2.61186e+07 5.4003e+06 827.465 -3802.08
9360 2.61683e+07 5.17217e+06 794.542 -3808.89
9420 2.62159e+07 4.94364e+06 761.568 -3815.41
9480 2.62616e+07 4.71471e+06 728.548 -3821.63
9540 2.63053e+07 4.48542e+06 695.483 -3827.57
9600 2.63471e+07 4.25576e+06 662.376 -3833.22
9660 2.63868e+07 4.02577e+06 629.23 -3838.57
9720 2.64246e+07 3.79546e+06 596.047 -3843.63
9780 2.64603e+07 3.56484e+06 562.83 -3848.4
9840 2.64941e+07 3.33393e+06 529.582 -3852.88
9900 2.65259e+07 3.10276e+06 496.305 -3857.07
9960 2.65556e+07 2.87134e+06 463.002 -3860.97
10020 2.65834e+07 2.63968e+06 429.675 -3864.57
10080 2.66092e+07 2.4078e+06 396.328 -3867.88
10140 2.6633e+07 2.17573e+06 362.962 -3870.9
10200 2.66548e+07 1.94348e+06 329.581 -3873.63
10260 2.66745e+07 1.71106e+06 296.186 -3876.06
10320 2.66923e+07 1.4785e+06 262.782 -3878.2
10380 2.67081e+07 1.2458e+06 229.369 -3880.05
10440 2.67218e+07 1.013e+06 195.951 -3881.61
10500 2.67336e+07 780104 162.531 -3882.88
10560 2.67434e+07 547131 129.111 -3883.86
10620 2.67511e+07 314100 95.6939 -3884.54
10680 2.67568e+07 81027.8 62.2818 -3884.93
10740 2.67606e+07 -152068 28.8776 -3885.03
10800 2.67623e+07 -385170 -4.51615 -3884.84
10860 2.6762e+07 -618261 -37.8968 -3884.36
10920 2.67598e+07 -851322 -71.2618 -3883.59
10980 2.67555e+07 -1.08434e+06 -104.608 -3882.53
11040 2.67492e+07 -1.31729e+06 -137.934 -3881.18
11100 2.67409e+07 -1.55016e+06 -171.237 -3879.54
11160 2.67307e+07 -1.78293e+06 -204.513 -3877.61
11220 2.67184e+07 -2.01559e+06 -237.761 -3875.39
11280 2.67041e+07 -2.24811e+06 -270.978 -3872.89
11340 2.66879e+07 -2.48049e+06 -304.162 -3870.09
11400 2.66696e+07 -2.71269e+06 -337.309 -3867.01
11460 2.66494e+07 -2.94471e+06 -370.417 -3863.65
11520 2.66272e+07 -3.17653e+06 -403.484 -3859.99
11580 2.66029e+07 -3.40813e+06 -436.508 -3856.05
11640 2.65768e+07 -3.63949e+06 -469.485 -3851.83
11700 2.65486e+07 -3.8706e+06 -502.413 -3847.32
11760 2.65184e+07 -4.10144e+06 -535.29 -3842.52
11820 2.64863e+07 -4.33199e+06 -568.113 -3837.45
11880 2.64522e+07 -4.56224e+06 -600.88 -3832.09
11940 2.64162e+07 -4.79217e+06 -633.588 -3826.45
12000 2.63782e+07 -5.02175e+06 -666.235 -3820.53
12060 2.63382e+07 -5.25098e+06 -698.819 -3814.32
12120 2.62963e+07 -5.47984e+06 -731.336 -3807.84
12180 2.62524e+07 -5.70831e+06 -763.785 -3801.08
12240 2.62066e+07 -5.93638e+06 -796.162 -3794.04
12300 2.61588e+07 -6.16402e+06 -828.466 -3786.72
12360 2.61091e+07 -6.39122e+06 -860.695 -3779.13
12420 2.60574e+07 -6.61797e+06 -892.845 -3771.26
12480 2.60039e+07 -6.84425e+06 -924.914 -3763.11
12540 2.59484e+07 -7.07003e+06 -956.901 -3754.69
12600 2.5891e+07 -7.29532e+06 -988.802 -3746
12660 2.58316e+07 -7.52008e+06 -1020.62 -3737.04
12720 2.57704e+07 -7.7443e+06 -1052.34 -3727.8
12780 2.57073e+07 -7.96797e+06 -1083.97 -3718.29
12840 2.56422e+07 -8.19106e+06 -1115.51 -3708.52
12900 2.55753e+07 -8.41357e+06 -1146.94 -3698.48
12960 2.55065e+07 -8.63548e+06 -1178.28 -3688.17
13020 2.54358e+07 -8.85677e+06 -1209.52 -3677.59
13080 2.53632e+07 -9.07743e+06 -1240.66 -3666.75
13140 2.52888e+07 -9.29743e+06 -1271.68 -3655.65
13200 2.52125e+07 -9.51677e+06 -1302.6 -3644.28
13260 2.51343e+07 -9.73543e+06 -1333.41 -3632.65
13320 2.50543e+07 -9.95339e+06 -1364.11 -3620.76
13380 2.49725e+07 -1.01706e+07 -1394.69 -3608.61
13440 2.48888e+07 -1.03872e+07 -1425.15 -3596.2
13500 2.48033e+07 -1.06029e+07 -1455.5 -3583.54
13560 2.47159e+07 -1.08179e+07 -1485.72 -3570.62
13620 2.46268e+07 -1.10322e+07 -1515.82 -3557.45
13680 2.45358e+07 -1.12456e+07 -1545.79 -3544.02
13740 2.44431e+07 -1.14583e+07 -1575.63 -3530.34
13800 2.43486e+07 -1.16701e+07 -1605.35 -3516.41
13860 2.42522e+07 -1.18811e+07 -1634.93 -3502.23
13920 2.41541e+07 -1.20912e+07 -1664.38 -3487.81
13980 2.40543e+07 -1.23005e+07 -1693.69 -3473.14
14040 2.39527e+07 -1.25089e+07 -1722.86 -3458.22
14100 2.38493e+07 -1.27163e+07 -1751.89 -3443.06
14160 2.37442e+07 -1.29229e+07 -1780.78 -3427.65
14220 2.36373e+07 -1.31286e+07 -1809.52 -3412.01
14280 2.35288e+07 -1.33333e+07 -1838.12 -3396.13
14340 2.34185e+07 -1.35371e+07 -1866.57 -3380
14400 2.33065e+07 -1.37399e+07 -1894.87 -3363.65
14460 2.31928e+07 -1.39417e+07 -1923.01 -3347.05
14520 2.30774e+07 -1.41425e+07 -1951 -3330.23
14580 2.29603e+07 -1.43423e+07 -1978.84 -3313.17
14640 2.28416e+07 -1.45411e+07 -2006.51 -3295.88
14700 2.27212e+07 -1.47389e+07 -2034.03 -3278.37
14760 2.25992e+07 -1.49356e+07 -2061.38 -3260.62
14820 2.24755e+07 -1.51312e+07 -2088.57 -3242.65
14880 2.23502e+07 -1.53258e+07 -2115.6 -3224.46
14940 2.22232e+07 -1.55192e+07 -2142.45 -3206.04
15000 2.20947e+07 -1.57116e+07 -2169.14 -3187.41
15060 2.19645e+07 -1.59029e+07 -2195.66 -3168.55
15120 2.18328e+07 -1.6093e+07 -2222 -3149.48
15180 2.16995e+07 -1.62819e+07 -2248.17 -3130.19
15240 2.15646e+07 -1.64697e+07 -2274.16 -3110.69
15300 2.14281e+07 -1.66564e+07 -2299.97 -3090.97
15360 2.12901e+07 -1.68418e+07 -2325.61 -3071.05
15420 2.11506e+07 -1.70261e+07 -2351.06 -3050.91
15480 2.10095e+07 -1.72092e+07 -2376.33 -3030.57
15540 2.0867e+07 -1.7391e+07 -2401.41 -3010.02
15600 2.07229e+07 -1.75716e+07 -2426.31 -2989.27
15660 2.05773e+07 -1.7751e+07 -2451.02 -2968.32
15720 2.04302e+07 -1.79291e+07 -2475.54 -2947.17
15780 2.02817e+07 -1.81059e+07 -2499.87 -2925.82
15840 2.01317e+07 -1.82814e+07 -2524.01 -2904.27
15900 1.99803e+07 -1.84557e+07 -2547.95 -2882.53
15960 1.98274e+07 -1.86286e+07 -2571.69 -2860.6
16020 1.96731e+07 -1.88003e+07 -2595.24 -2838.47
16080 1.95174e+07 -1.89706e+07 -2618.59 -2816.16
16140 1.93603e+07 -1.91396e+07 -2641.74 -2793.66
16200 1.92018e+07 -1.93072e+07 -2664.69 -2770.97
16260 1.90419e+07 -1.94734e+07 -2687.43 -2748.1
16320 1.88806e+07 -1.96383e+07 -2709.97 -2725.05
16380 1.8718e+07 -1.98018e+07 -2732.31 -2701.82
16440 1.85541e+07 -1.99639e+07 -2754.43 -2678.41
16500 1.83888e+07 -2.01246e+07 -2776.35 -2654.83
16560 1.82223e+07 -2.02839e+07 -2798.06 -2631.07
16620 1.80544e+07 -2.04418e+07 -2819.55 -2607.15
16680 1.78852e+07 -2.05982e+07 -2840.84 -2583.05
16740 1.77147e+07 -2.07532e+07 -2861.91 -2558.78
16800 1.7543e+07 -2.09067e+07 -2882.76 -2534.35
16860 1.73701e+07 -2.10588e+07 -2903.4 -2509.75
16920 1.71959e+07 -2.12094e+07 -2923.82 -2485
16980 1.70204e+07 -2.13585e+07 -2944.02 -2460.08
17040 1.68438e+07 -2.15061e+07 -2964.01 -2435
17100 1.6666e+07 -2.16522e+07 -2983.77 -2409.77
17160 1.64869e+07 -2.17968e+07 -3003.31 -2384.39
17220 1.63067e+07 -2.19398e+07 -3022.62 -2358.85
17280 1.61254e+07 -2.20814e+07 -3041.71 -2333.17
17340 1.59429e+07 -2.22213e+07 -3060.58 -2307.33
17400 1.57592e+07 -2.23598e+07 -3079.22 -2281.35
17460 1.55745e+07 -2.24967e+07 -3097.63 -2255.23
17520 1.53886e+07 -2.2632e+07 -3115.81 -2228.97
17580 1.52017e+07 -2.27657e+07 -3133.77 -2202.56
17640 1.50136e+07 -2.28979e+07 -3151.49 -2176.02
17700 1.48246e+07 -2.30284e+07 -3168.98 -2149.35
17760 1.46344e+07 -2.31574e+07 -3186.24 -2122.54
17820 1.44432e+07 -2.32848e+07 -3203.26 -2095.6
17880 1.4251e+07 -2.34105e+07 -3220.05 -2068.53
17940 1.40578e+07 -2.35346e+07 -3236.61 -2041.33
18000 1.38636e+07 -2.36571e+07 -3252.93 -2014.01
18060 1.36685e+07 -2.37779e+07 -3269.01 -1986.57
18120 1.34723e+07 -2.38971e+07 -3284.85 -1959
18180 1.32752e+07 -2.40147e+07 -3300.46 -1931.32
18240 1.30772e+07 -2.41305e+07 -3315.83 -1903.52
18300 1.28783e+07 -2.42447e+07 -3330.95 -1875.61
18360 1.26784e+07 -2.43573e+07 -3345.84 -1847.59
18420 1.24777e+07 -2.44681e+07 -3360.48 -1819.45
18480 1.2276e+07 -2.45773e+07 -3374.89 -1791.21
18540 1.20735e+07 -2.46848e+07 -3389.04 -1762.86
18600 1.18702e+07 -2.47905e+07 -3402.96 -1734.41
18660 1.1666e+07 -2.48946e+07 -3416.63 -1705.86
18720 1.1461e+07 -2.4997e+07 -3430.06 -1677.21
18780 1.12552e+07 -2.50976e+07 -3443.24 -1648.46
18840 1.10486e+07 -2.51965e+07 -3456.17 -1619.62
18900 1.08412e+07 -2.52937e+07 -3468.86 -1590.68
18960 1.06331e+07 -2.53891e+07 -3481.3 -1561.66
19020 1.04242e+07 -2.54828e+07 -3493.5 -1532.54
19080 1.02146e+07 -2.55748e+07 -3505.44 -1503.34
19140 1.00043e+07 -2.5665e+07 -3517.14 -1474.06
19200 9.79327e+06 -2.57534e+07 -3528.58 -1444.69
19260 9.58156e+06 -2.58401e+07 -3539.78 -1415.25
19320 9.36917e+06 -2.5925e+07 -3550.73 -1385.72
19380 9.15613e+06 -2.60082e+07 -3561.43 -1356.13
19440 8.94244e+06 -2.60895e+07 -3571.87 -1326.45
19500 8.72813e+06 -2.61691e+07 -3582.07 -1296.71
19560 8.51321e+06 -2.62469e+07 -3592.01 -1266.9
19620 8.29769e+06 -2.63229e+07 -3601.7 -1237.02
19680 8.08159e+06 -2.63972e+07 -3611.14 -1207.08
19740 7.86492e+06 -2.64696e+07 -3620.32 -1177.07
19800 7.6477e+06 -2.65402e+07 -3629.26 -1147.01
19860 7.42994e+06 -2.6609e+07 -3637.94 -1116.88
19920 7.21167e+06 -2.6676e+07 -3646.37 -1086.7
19980 6.99288e+06 -2.67412e+07 -3654.54 -1056.47
20040 6.77361e+06 -2.68046e+07 -3662.46 -1026.19
20100 6.55386e+06 -2.68662e+07 -3670.12 -995.853
20160 6.33366e+06 -2.69259e+07 -3677.53 -965.472
20220 6.113e+06 -2.69839e+07 -3684.69 -935.045
20280 5.89192e+06 -2.704e+07 -3691.59 -904.576
20340 5.67043e+06 -2.70943e+07 -3698.24 -874.065
20400 5.44853e+06 -2.71467e+07 -3704.64 -843.516
20460 5.22625e+06 -2.71973e+07 -3710.77 -812.931
20520 5.00361e+06 -2.72461e+07 -3716.66 -782.311
20580 4.78061e+06 -2.7293e+07 -3722.29 -751.659
20640 4.55727e+06 -2.73381e+07 -3727.66 -720.977
20700 4.33361e+06 -2.73814e+07 -3732.78 -690.266
20760 4.10964e+06 -2.74228e+07 -3737.65 -659.53
20820 3.88539e+06 -2.74624e+07 -3742.26 -628.77
20880 3.66085e+06 -2.75001e+07 -3746.61 -597.989
20940 3.43605e+06 -2.7536e+07 -3750.71 -567.188
21000 3.21101e+06 -2.757e+07 -3754.56 -536.369
21060 2.98574e+06 -2.76022e+07 -3758.15 -505.536
21120 2.76025e+06 -2.76325e+07 -3761.48 -474.689
21180 2.53456e+06 -2.7661e+07 -3764.57 -443.831
21240 2.30869e+06 -2.76876e+07 -3767.4 -412.964
21300 2.08264e+06 -2.77124e+07 -3769.97 -382.09
21360 1.85644e+06 -2.77353e+07 -3772.29 -351.211
21420 1.63011e+06 -2.77564e+07 -3774.36 -320.33
21480 1.40364e+06 -2.77756e+07 -3776.17 -289.448
21540 1.17707e+06 -2.7793e+07 -3777.73 -258.567
21600 950411 -2.78085e+07 -3779.04 -227.69
21660 723668 -2.78222e+07 -3780.09 -196.818
21720 496863 -2.7834e+07 -3780.9 -165.954
21780 270009 -2.78439e+07 -3781.45 -135.099
21840 43121.8 -2.7852e+07 -3781.75 -104.256
21900 -183783 -2.78583e+07 -3781.79 -73.4272
21960 -410691 -2.78627e+07 -3781.59 -42.6138
22020 -637586 -2.78653e+07 -3781.14 -11.8182
22080 -864454 -2.7866e+07 -3780.43 18.9576
22140 -1.09128e+06 -2.78648e+07 -3779.48 49.7116
22200 -1.31805e+06 -2.78618e+07 -3778.28 80.4419
22260 -1.54475e+06 -2.7857e+07 -3776.82 111.146
22320 -1.77136e+06 -2.78504e+07 -3775.12 141.823
22380 -1.99786e+06 -2.78418e+07 -3773.17 172.47
22440 -2.22425e+06 -2.78315e+07 -3770.98 203.085
22500 -2.45051e+06 -2.78193e+07 -3768.53 233.666
22560 -2.67662e+06 -2.78053e+07 -3765.84 264.212
22620 -2.90257e+06 -2.77894e+07 -3762.9 294.72
22680 -3.12835e+06 -2.77718e+07 -3759.72 325.188
22740 -3.35393e+06 -2.77522e+07 -3756.3 355.615
22800 -3.57931e+06 -2.77309e+07 -3752.62 385.998
22860 -3.80447e+06 -2.77077e+07 -3748.71 416.336
22920 -4.02939e+06 -2.76828e+07 -3744.55 446.626
22980 -4.25406e+06 -2.7656e+07 -3740.15 476.868
23040 -4.47847e+06 -2.76274e+07 -3735.5 507.058
23100 -4.7026e+06 -2.75969e+07 -3730.62 537.195
23160 -4.92644e+06 -2.75647e+07 -3725.49 567.277
23220 -5.14997e+06 -2.75307e+07 -3720.12 597.302
23280 -5.37317e+06 -2.74948e+07 -3714.52 627.269
23340 -5.59605e+06 -2.74572e+07 -3708.67 657.175
23400 -5.81857e+06 -2.74178e+07 -3702.59 687.019
23460 -6.04072e+06 -2.73765e+07 -3696.27 716.798
23520 -6.2625e+06 -2.73335e+07 -3689.72 746.511
23580 -6.48388e+06 -2.72887e+07 -3682.92 776.157
23640 -6.70486e+06 -2.72422e+07 -3675.9 805.732
23700 -6.92541e+06 -2.71938e+07 -3668.64 835.236
23760 -7.14553e+06 -2.71437e+07 -3661.14 864.667
23820 -7.3652e+06 -2.70918e+07 -3653.41 894.022
23880 -7.5844e+06 -2.70382e+07 -3645.45 923.301
23940 -7.80313e+06 -2.69828e+07 -3637.26 952.501
24000 -8.02137e+06 -2.69256e+07 -3628.84 981.62
24060 -8.2391e+06 -2.68667e+07 -3620.19 1010.66
24120 -8.45631e+06 -2.68061e+07 -3611.31 1039.61
24180 -8.67299e+06 -2.67437e+07 -3602.21 1068.48
24240 -8.88912e+06 -2.66796e+07 -3592.87 1097.26
24300 -9.10469e+06 -2.66138e+07 -3583.31 1125.95
24360 -9.31969e+06 -2.65462e+07 -3573.53 1154.55
24420 -9.5341e+06 -2.6477e+07 -3563.52 1183.06
24480 -9.74791e+06 -2.6406e+07 -3553.29 1211.47
24540 -9.96111e+06 -2.63333e+07 -3542.84 1239.79
24600 -1.01737e+07 -2.62589e+07 -3532.16 1268
24660 -1.03856e+07 -2.61828e+07 -3521.27 1296.12
24720 -1.05969e+07 -2.6105e+07 -3510.15 1324.14
24780 -1.08075e+07 -2.60256e+07 -3498.82 1352.06
24840 -1.10174e+07 -2.59445e+07 -3487.27 1379.87
24900 -1.12267e+07 -2.58617e+07 -3475.51 1407.58
24960 -1.14352e+07 -2.57772e+07 -3463.52 1435.18
25020 -1.1643e+07 -2.56911e+07 -3451.33 1462.67
25080 -1.18501e+07 -2.56034e+07 -3438.92 1490.05
25140 -1.20564e+07 -2.5514e+07 -3426.3 1517.31
25200 -1.2262e+07 -2.54229e+07 -3413.47 1544.47
25260 -1.24668e+07 -2.53302e+07 -3400.43 1571.51
25320 -1.26708e+07 -2.5236e+07 -3387.18 1598.43
25380 -1.28741e+07 -2.51401e+07 -3373.72 1625.23
25440 -1.30765e+07 -2.50425e+07 -3360.06 1651.91
25500 -1.32781e+07 -2.49434e+07 -3346.19 1678.47
25560 -1.34789e+07 -2.48427e+07 -3332.11 1704.91
25620 -1.36788e+07 -2.47404e+07 -3317.84 1731.23
25680 -1.38779e+07 -2.46365e+07 -3303.36 1757.41
25740 -1.40761e+07 -2.45311e+07 -3288.68 1783.47
25800 -1.42734e+07 -2.44241e+07 -3273.8 1809.41
25860 -1.44698e+07 -2.43155e+07 -3258.72 1835.21
25920 -1.46653e+07 -2.42054e+07 -3243.44 1860.88
25980 -1.48599e+07 -2.40938e+07 -3227.97 1886.41
26040 -1.50536e+07 -2.39806e+07 -3212.31 1911.82
26100 -1.52464e+07 -2.38659e+07 -3196.45 1937.08
26160 -1.54381e+07 -2.37496e+07 -3180.39 1962.21
26220 -1.5629e+07 -2.36319e+07 -3164.15 1987.2
26280 -1.58188e+07 -2.35127e+07 -3147.71 2012.05
26340 -1.60077e+07 -2.3392e+07 -3131.09 2036.76
26400 -1.61955e+07 -2.32698e+07 -3114.28 2061.32
26460 -1.63824e+07 -2.31461e+07 -3097.28 2085.74
26520 -1.65682e+07 -2.30209e+07 -3080.1 2110.02
26580 -1.6753e+07 -2.28943e+07 -3062.74 2134.15
26640 -1.69368e+07 -2.27663e+07 -3045.19 2158.13
26700 -1.71195e+07 -2.26368e+07 -3027.46 2181.96
26760 -1.73012e+07 -2.25059e+07 -3009.55 2205.64
26820 -1.74817e+07 -2.23735e+07 -2991.46 2229.17
26880 -1.76612e+07 -2.22398e+07 -2973.2 2252.55
26940 -1.78396e+07 -2.21046e+07 -2954.76 2275.77
27000 -1.80169e+07 -2.19681e+07 -2936.14 2298.83
27060 -1.81931e+07 -2.18302e+07 -2917.35 2321.74
27120 -1.83681e+07 -2.16909e+07 -2898.4 2344.49
27180 -1.8542e+07 -2.15502e+07 -2879.26 2367.08
27240 -1.87148e+07 -2.14082e+07 -2859.97 2389.51
27300 -1.88864e+07 -2.12648e+07 -2840.5 2411.78
27360 -1.90568e+07 -2.11201e+07 -2820.87 2433.89
27420 -1.9226e+07 -2.0974e+07 -2801.07 2455.83
27480 -1.93941e+07 -2.08267e+07 -2781.1 2477.6
27540 -1.9561e+07 -2.0678e+07 -2760.98 2499.21
27600 -1.97266e+07 -2.05281e+07 -2740.7 2520.66
27660 -1.98911e+07 -2.03768e+07 -2720.25 2541.93
27720 -2.00543e+07 -2.02243e+07 -2699.65 2563.04
27780 -2.02163e+07 -2.00705e+07 -2678.89 2583.97
27840 -2.0377e+07 -1.99155e+07 -2657.98 2604.73
27900 -2.05365e+07 -1.97592e+07 -2636.91 2625.32
27960 -2.06947e+07 -1.96017e+07 -2615.69 2645.74
28020 -2.08516e+07 -1.9443e+07 -2594.32 2665.98
28080 -2.10073e+07 -1.9283e+07 -2572.8 2686.05
28140 -2.11617e+07 -1.91218e+07 -2551.14 2705.94
28200 -2.13147e+07 -1.89595e+07 -2529.32 2725.65
28260 -2.14665e+07 -1.87959e+07 -2507.36 2745.18
28320 -2.16169e+07 -1.86312e+07 -2485.26 2764.53
28380 -2.17661e+07 -1.84654e+07 -2463.02 2783.7
28440 -2.19138e+07 -1.82983e+07 -2440.64 2802.69
28500 -2.20603e+07 -1.81302e+07 -2418.11 2821.5
28560 -2.22054e+07 -1.79609e+07 -2395.45 2840.12
28620 -2.23491e+07 -1.77905e+07 -2372.66 2858.56
28680 -2.24914e+07 -1.7619e+07 -2349.73 2876.81
28740 -2.26324e+07 -1.74464e+07 -2326.66 2894.88
28800 -2.2772e+07 -1.72727e+07 -2303.47 2912.76
28860 -2.29102e+07 -1.70979e+07 -2280.14 2930.45
28920 -2.3047e+07 -1.69221e+07 -2256.69 2947.95
28980 -2.31824e+07 -1.67452e+07 -2233.11 2965.27
29040 -2.33164e+07 -1.65673e+07 -2209.4 2982.39
29100 -2.3449e+07 -1.63883e+07 -2185.58 2999.32
29160 -2.35801e+07 -1.62084e+07 -2161.62 3016.06
29220 -2.37098e+07 -1.60274e+07 -2137.55 3032.61
29280 -2.38381e+07 -1.58455e+07 -2113.36 3048.96
29340 -2.39649e+07 -1.56625e+07 -2089.05 3065.12
29400 -2.40902e+07 -1.54786e+07 -2064.63 3081.08
29460 -2.42141e+07 -1.52937e+07 -2040.09 3096.85
29520 -2.43365e+07 -1.51079e+07 -2015.44 3112.42
29580 -2.44574e+07 -1.49212e+07 -1990.68 3127.79
29640 -2.45769e+07 -1.47335e+07 -1965.8 3142.97
29700 -2.46948e+07 -1.45449e+07 -1940.82 3157.94
29760 -2.48113e+07 -1.43555e+07 -1915.73 3172.72
29820 -2.49262e+07 -1.41651e+07 -1890.54 3187.29
29880 -2.50397e+07 -1.39739e+07 -1865.25 3201.67
29940 -2.51516e+07 -1.37818e+07 -1839.85 3215.84
30000 -2.5262e+07 -1.35888e+07 -1814.35 3229.82
30060 -2.53708e+07 -1.3395e+07 -1788.75 3243.58
30120 -2.54781e+07 -1.32004e+07 -1763.06 3257.15
30180 -2.55839e+07 -1.3005e+07 -1737.27 3270.51
30240 -2.56882e+07 -1.28088e+07 -1711.39 3283.67
30300 -2.57908e+07 -1.26117e+07 -1685.41 3296.62
30360 -2.5892e+07 -1.24139e+07 -1659.35 3309.37
30420 -2.59915e+07 -1.22154e+07 -1633.19 3321.91
30480 -2.60895e+07 -1.20161e+07 -1606.95 3334.24
30540 -2.61859e+07 -1.1816e+07 -1580.62 3346.37
30600 -2.62808e+07 -1.16152e+07 -1554.21 3358.28
30660 -2.6374e+07 -1.14137e+07 -1527.71 3369.99
30720 -2.64657e+07 -1.12115e+07 -1501.14 3381.5
30780 -2.65558e+07 -1.10086e+07 -1474.48 3392.79
30840 -2.66442e+07 -1.08051e+07 -1447.75 3403.87
30900 -2.67311e+07 -1.06008e+07 -1420.94 3414.74
30960 -2.68164e+07 -1.0396e+07 -1394.05 3425.4
31020 -2.69e+07 -1.01904e+07 -1367.1 3435.85
31080 -2.6982e+07 -9.98428e+06 -1340.07 3446.09
31140 -2.70624e+07 -9.77752e+06 -1312.97 3456.12
31200 -2.71412e+07 -9.57015e+06 -1285.81 3465.93
31260 -2.72184e+07 -9.36219e+06 -1258.57 3475.54
31320 -2.72939e+07 -9.15366e+06 -1231.28 3484.93
31380 -2.73677e+07 -8.94456e+06 -1203.92 3494.1
31440 -2.744e+07 -8.73492e+06 -1176.5 3503.06
31500 -2.75106e+07 -8.52473e+06 -1149.02 3511.81
31560 -2.75795e+07 -8.31403e+06 -1121.48 3520.34
31620 -2.76468e+07 -8.10281e+06 -1093.88 3528.66
31680 -2.77124e+07 -7.89109e+06 -1066.23 3536.77
31740 -2.77764e+07 -7.67888e+06 -1038.53 3544.66
31800 -2.78387e+07 -7.4662e+06 -1010.77 3552.33
31860 -2.78994e+07 -7.25306e+06 -982.966 3559.79
31920 -2.79583e+07 -7.03947e+06 -955.112 3567.03
31980 -2.80156e+07 -6.82545e+06 -927.212 3574.05
32040 -2.80713e+07 -6.61101e+06 -899.266 3580.86
32100 -2.81252e+07 -6.39616e+06 -871.277 3587.45
32160 -2.81775e+07 -6.18091e+06 -843.247 3593.83
32220 -2.82281e+07 -5.96528e+06 -815.176 3599.98
32280 -2.8277e+07 -5.74928e+06 -787.066 3605.92
32340 -2.83242e+07 -5.53293e+06 -758.92 3611.65
32400 -2.83698e+07 -5.31623e+06 -730.738 3617.15
32460 -2.84136e+07 -5.0992e+06 -702.523 3622.44
32520 -2.84558e+07 -4.88185e+06 -674.276 3627.51
32580 -2.84962e+07 -4.6642e+06 -645.999 3632.36
32640 -2.8535e+07 -4.44626e+06 -617.693 3636.99
32700 -2.85721e+07 -4.22804e+06 -589.36 3641.41
32760 -2.86074e+07 -4.00956e+06 -561.001 3645.6
32820 -2.86411e+07 -3.79082e+06 -532.619 3649.58
32880 -2.8673e+07 -3.57184e+06 -504.215 3653.34
32940 -2.87033e+07 -3.35264e+06 -475.79 3656.88
33000 -2.87318e+07 -3.13323e+06 -447.346 3660.21
33060 -2.87587e+07 -2.91362e+06 -418.885 3663.31
33120 -2.87838e+07 -2.69382e+06 -390.409 3666.19
33180 -2.88072e+07 -2.47385e+06 -361.918 3668.86
33240 -2.88289e+07 -2.25372e+06 -333.415 3671.31
33300 -2.88489e+07 -2.03344e+06 -304.902 3673.54
33360 -2.88672e+07 -1.81303e+06 -276.379 3675.55
33420 -2.88838e+07 -1.59249e+06 -247.849 3677.34
33480 -2.88987e+07 -1.37185e+06 -219.314 3678.91
33540 -2.89119e+07 -1.15112e+06 -190.774 3680.27
33600 -2.89233e+07 -930302 -162.231 3681.4
33660 -2.8933e+07 -709418 -133.687 3682.32
33720 -2.89411e+07 -488478 -105.145 3683.02
33780 -2.89474e+07 -267497 -76.6041 3683.5
33840 -2.8952e+07 -46486.8 -48.0674 3683.77
33900 -2.89548e+07 174539 -19.5363 3683.81
33960 -2.8956e+07 395568 8.98773 3683.64
34020 -2.89555e+07 616587 37.503 3683.25
34080 -2.89532e+07 837582 66.0079 3682.64
34140 -2.89493e+07 1.05854e+06 94.5009 3681.82
34200 -2.89436e+07 1.27945e+06 122.98 3680.78
34260 -2.89362e+07 1.5003e+06 151.445 3679.52
34320 -2.89271e+07 1.72107e+06 179.892 3678.05
34380 -2.89163e+07 1.94175e+06 208.321 3676.35
34440 -2.89038e+07 2.16233e+06 236.73 3674.45
34500 -2.88896e+07 2.3828e+06 265.118 3672.32
34560 -2.88737e+07 2.60314e+06 293.483 3669.98
34620 -2.88561e+07 2.82334e+06 321.823 3667.43
34680 -2.88368e+07 3.04338e+06 350.136 3664.66
34740 -2.88158e+07 3.26326e+06 378.422 3661.67
34800 -2.87931e+07 3.48296e+06 406.678 3658.47
34860 -2.87687e+07 3.70247e+06 434.903 3655.06
34920 -2.87426e+07 3.92177e+06 463.096 3651.43
34980 -2.87148e+07 4.14086e+06 491.254 3647.59
35040 -2.86853e+07 4.35972e+06 519.377 3643.53
35100 -2.86542e+07 4.57833e+06 547.462 3639.26
35160 -2.86213e+07 4.79668e+06 575.509 3634.78
35220 -2.85868e+07 5.01477e+06 603.515 3630.09
35280 -2.85506e+07 5.23258e+06 631.479 3625.18
35340 -2.85127e+07 5.45009e+06 659.4 3620.07
35400 -2.84731e+07 5.66729e+06 687.275 3614.74
35460 -2.84319e+07 5.88417e+06 715.104 3609.2
35520 -2.8389e+07 6.10073e+06 742.885 3603.45
35580 -2.83444e+07 6.31693e+06 770.616 3597.49
35640 -2.82982e+07 6.53278e+06 798.296 3591.32
35700 -2.82503e+07 6.74826e+06 825.923 3584.94
35760 -2.82007e+07 6.96336e+06 853.495 3578.36
35820 -2.81495e+07 7.17806e+06 881.013 3571.56
35880 -2.80967e+07 7.39235e+06 908.472 3564.56
35940 -2.80422e+07 7.60623e+06 935.873 3557.35
36000 -2.7986e+07 7.81967e+06 963.214 3549.94
36060 -2.79282e+07 8.03267e+06 990.492 3542.31
36120 -2.78688e+07 8.2452e+06 1017.71 3534.49
36180 -2.78077e+07 8.45727e+06 1044.86 3526.45
36240 -2.7745e+07 8.66886e+06 1071.94 3518.22
36300 -2.76807e+07 8.87995e+06 1098.96 3509.77
36360 -2.76148e+07 9.09054e+06 1125.91 3501.13
36420 -2.75472e+07 9.30061e+06 1152.78 3492.28
36480 -2.7478e+07 9.51014e+06 1179.59 3483.23
36540 -2.74073e+07 9.71914e+06 1206.32 3473.98
36600 -2.73349e+07 9.92758e+06 1232.97 3464.53
36660 -2.72609e+07 1.01354e+07 1259.55 3454.88
36720 -2.71853e+07 1.03427e+07 1286.05 3445.02
36780 -2.71082e+07 1.05494e+07 1312.47 3434.97
36840 -2.70294e+07 1.07555e+07 1338.81 3424.72
36900 -2.69491e+07 1.0961e+07 1365.07 3414.27
36960 -2.68672e+07 1.11659e+07 1391.24 3403.63
37020 -2.67837e+07 1.13701e+07 1417.33 3392.79
37080 -2.66987e+07 1.15737e+07 1443.33 3381.75
37140 -2.66121e+07 1.17766e+07 1469.24 3370.52
37200 -2.65239e+07 1.19788e+07 1495.07 3359.09
37260 -2.64342e+07 1.21803e+07 1520.8 3347.47
37320 -2.6343e+07 1.23812e+07 1546.44 3335.65
37380 -2.62502e+07 1.25813e+07 1571.99 3323.64
37440 -2.61559e+07 1.27808e+07 1597.44 3311.45
37500 -2.606e+07 1.29794e+07 1622.79 3299.06
37560 -2.59627e+07 1.31774e+07 1648.05 3286.48
37620 -2.58638e+07 1.33746e+07 1673.2 3273.71
37680 -2.57634e+07 1.3571e+07 1698.26 3260.75
37740 -2.56615e+07 1.37666e+07 1723.21 3247.61
37800 -2.55581e+07 1.39615e+07 1748.07 3234.28
37860 -2.54532e+07 1.41556e+07 1772.81 3220.76
37920 -2.53468e+07 1.43488e+07 1797.45 3207.06
37980 -2.5239e+07 1.45412e+07 1821.98 3193.17
38040 -2.51297e+07 1.47328e+07 1846.41 3179.1
38100 -2.50189e+07 1.49236e+07 1870.72 3164.84
38160 -2.49066e+07 1.51134e+07 1894.92 3150.41
38220 -2.4793e+07 1.53025e+07 1919.01 3135.79
38280 -2.46778e+07 1.54906e+07 1942.99 3120.99
38340 -2.45612e+07 1.56779e+07 1966.84 3106.01
38400 -2.44432e+07 1.58642e+07 1990.59 3090.86
38460 -2.43238e+07 1.60497e+07 2014.21 3075.53
38520 -2.42029e+07 1.62342e+07 2037.72 3060.02
38580 -2.40807e+07 1.64178e+07 2061.1 3044.33
38640 -2.3957e+07 1.66005e+07 2084.36 3028.47
38700 -2.38319e+07 1.67822e+07 2107.5 3012.44
38760 -2.37055e+07 1.69629e+07 2130.52 2996.23
38820 -2.35777e+07 1.71427e+07 2153.41 2979.85
38880 -2.34485e+07 1.73215e+07 2176.17 2963.3
38940 -2.33179e+07 1.74993e+07 2198.8 2946.58
39000 -2.3186e+07 1.76761e+07 2221.31 2929.69
39060 -2.30527e+07 1.78519e+07 2243.68 2912.64
39120 -2.29181e+07 1.80266e+07 2265.93 2895.41
39180 -2.27821e+07 1.82004e+07 2288.04 2878.02
39240 -2.26448e+07 1.8373e+07 2310.01 2860.46
39300 -2.25062e+07 1.85447e+07 2331.85 2842.74
39360 -2.23663e+07 1.87152e+07 2353.55 2824.86
39420 -2.22251e+07 1.88847e+07 2375.12 2806.82
39480 -2.20826e+07 1.90531e+07 2396.54 2788.61
39540 -2.19388e+07 1.92205e+07 2417.83 2770.25
39600 -2.17937e+07 1.93867e+07 2438.97 2751.72
39660 -2.16474e+07 1.95518e+07 2459.98 2733.04
39720 -2.14998e+07 1.97158e+07 2480.83 2714.2
39780 -2.13509e+07 1.98786e+07 2501.55 2695.21
39840 -2.12008e+07 2.00403e+07 2522.12 2676.06
39900 -2.10495e+07 2.02009e+07 2542.54 2656.75
39960 -2.0897e+07 2.03603e+07 2562.81 2637.3
40020 -2.07432e+07 2.05185e+07 2582.93 2617.69
40080 -2.05882e+07 2.06756e+07 2602.9 2597.94
40140 -2.04321e+07 2.08315e+07 2622.73 2578.03
40200 -2.02747e+07 2.09861e+07 2642.39 2557.98
40260 -2.01161e+07 2.11396e+07 2661.91 2537.78
40320 -1.99564e+07 2.12919e+07 2681.27 2517.43
40380 -1.97956e+07 2.14429e+07 2700.47 2496.94
40440 -1.96335e+07 2.15928e+07 2719.52 2476.31
40500 -1.94704e+07 2.17413e+07 2738.41 2455.53
40560 -1.9306e+07 2.18887e+07 2757.14 2434.62
40620 -1.91406e+07 2.20347e+07 2775.71 2413.56
40680 -1.89741e+07 2.21796e+07 2794.12 2392.37
40740 -1.88064e+07 2.23231e+07 2812.37 2371.04
40800 -1.86377e+07 2.24654e+07 2830.46 2349.57
40860 -1.84679e+07 2.26063e+07 2848.38 2327.97
40920 -1.8297e+07 2.2746e+07 2866.13 2306.24
40980 -1.8125e+07 2.28844e+07 2883.72 2284.37
41040 -1.7952e+07 2.30214e+07 2901.15 2262.37
41100 -1.77779e+07 2.31572e+07 2918.4 2240.24
41160 -1.76028e+07 2.32916e+07 2935.49 2217.98
41220 -1.74267e+07 2.34247e+07 2952.41 2195.6
41280 -1.72495e+07 2.35564e+07 2969.15 2173.09
41340 -1.70714e+07 2.36868e+07 2985.73 2150.45
41400 -1.68922e+07 2.38158e+07 3002.13 2127.7
41460 -1.67121e+07 2.39435e+07 3018.36 2104.81
41520 -1.6531e+07 2.40698e+07 3034.41 2081.81
41580 -1.63489e+07 2.41947e+07 3050.29 2058.69
41640 -1.61659e+07 2.43182e+07 3066 2035.45
41700 -1.5982e+07 2.44403e+07 3081.52 2012.1
41760 -1.57971e+07 2.45611e+07 3096.87 1988.62
41820 -1.56113e+07 2.46804e+07 3112.04 1965.04
41880 -1.54245e+07 2.47983e+07 3127.03 1941.34
41940 -1.52369e+07 2.49148e+07 3141.84 1917.53
42000 -1.50484e+07 2.50298e+07 3156.47 1893.61
42060 -1.4859e+07 2.51434e+07 3170.92 1869.58
42120 -1.46688e+07 2.52556e+07 3185.18 1845.44
42180 -1.44776e+07 2.53663e+07 3199.27 1821.2
42240 -1.42857e+07 2.54756e+07 3213.16 1796.85
42300 -1.40929e+07 2.55834e+07 3226.87 1772.4
42360 -1.38993e+07 2.56898e+07 3240.4 1747.84
42420 -1.37049e+07 2.57946e+07 3253.74 1723.19
42480 -1.35096e+07 2.5898e+07 3266.89 1698.43
42540 -1.33136e+07 2.59999e+07 3279.85 1673.58
42600 -1.31168e+07 2.61003e+07 3292.63 1648.63
42660 -1.29193e+07 2.61993e+07 3305.21 1623.59
42720 -1.2721e+07 2.62967e+07 3317.61 1598.45
42780 -1.25219e+07 2.63926e+07 3329.81 1573.23
42840 -1.23221e+07 2.6487e+07 3341.83 1547.91
42900 -1.21216e+07 2.65799e+07 3353.65 1522.5
42960 -1.19204e+07 2.66712e+07 3365.28 1497
43020 -1.17185e+07 2.6761e+07 3376.71 1471.42
43080 -1.15159e+07 2.68493e+07 3387.95 1445.75
43140 -1.13126e+07 2.69361e+07 3398.99 1420
43200 -1.11086e+07 2.70213e+07 3409.84 1394.16
43260 -1.09041e+07 2.71049e+07 3420.5 1368.25
43320 -1.06988e+07 2.7187e+07 3430.95 1342.26
43380 -1.0493e+07 2.72675e+07 3441.21 1316.19
43440 -1.02865e+07 2.73465e+07 3451.28 1290.04
43500 -1.00794e+07 2.74239e+07 3461.14 1263.82
43560 -9.87175e+06 2.74997e+07 3470.8 1237.52
43620 -9.6635e+06 2.7574e+07 3480.27 1211.15
43680 -9.45469e+06 2.76467e+07 3489.53 1184.72
43740 -9.24532e+06 2.77177e+07 3498.6 1158.21
43800 -9.0354e+06 2.77872e+07 3507.46 1131.64
43860 -8.82495e+06 2.78551e+07 3516.12 1105
43920 -8.61399e+06 2.79214e+07 3524.58 1078.3
43980 -8.40251e+06 2.79861e+07 3532.84 1051.53
44040 -8.19054e+06 2.80492e+07 3540.9 1024.71
44100 -7.97809e+06 2.81107e+07 3548.75 997.819
44160 -7.76516e+06 2.81706e+07 3556.39 970.875
44220 -7.55178e+06 2.82288e+07 3563.84 943.874
44280 -7.33795e+06 2.82855e+07 3571.07 916.818
44340 -7.12368e+06 2.83405e+07 3578.11 889.709
44400 -6.909e+06 2.83938e+07 3584.93 862.548
44460 -6.6939e+06 2.84456e+07 3591.56 835.336
44520 -6.47841e+06 2.84957e+07 3597.97 808.075
44580 -6.26253e+06 2.85442e+07 3604.18 780.767
44640 -6.04628e+06 2.8591e+07 3610.18 753.414
44700 -5.82967e+06 2.86363e+07 3615.97 726.016
44760 -5.61271e+06 2.86798e+07 3621.56 698.576
44820 -5.39542e+06 2.87217e+07 3626.94 671.094
44880 -5.1778e+06 2.8762e+07 3632.11 643.573
44940 -4.95987e+06 2.88006e+07 3637.07 616.014
45000 -4.74165e+06 2.88376e+07 3641.82 588.419
45060 -4.52314e+06 2.88729e+07 3646.37 560.789
45120 -4.30436e+06 2.89065e+07 3650.7 533.126
45180 -4.08531e+06 2.89385e+07 3654.82 505.431
45240 -3.86603e+06 2.89688e+07 3658.74 477.706
45300 -3.6465e+06 2.89975e+07 3662.44 449.953
45360 -3.42675e+06 2.90245e+07 3665.93 422.173
45420 -3.2068e+06 2.90498e+07 3669.22 394.367
45480 -2.98665e+06 2.90735e+07 3672.29 366.538
45540 -2.76631e+06 2.90955e+07 3675.15 338.687
45600 -2.5458e+06 2.91158e+07 3677.8 310.815
45660 -2.32513e+06 2.91345e+07 3680.24 282.925
45720 -2.10432e+06 2.91514e+07 3682.47 255.017
45780 -1.88337e+06 2.91667e+07 3684.48 227.093
45840 -1.6623e+06 2.91804e+07 3686.29 199.155
45900 -1.44112e+06 2.91923e+07 3687.88 171.205
45960 -1.21985e+06 2.92026e+07 3689.26 143.244
46020 -998495 2.92112e+07 3690.43 115.274
46080 -777069 2.92181e+07 3691.38 87.2956
46140 -555586 2.92233e+07 3692.13 59.3114
46200 -334059 2.92269e+07 3692.66 31.3227
46260 -112499 2.92288e+07 3692.98 3.33121
46320 109080 2.9229e+07 3693.09 -24.6616
46380 330665 2.92275e+07 3692.98 -52.654
46440 552244 2.92243e+07 3692.67 -80.6445
46500 773804 2.92195e+07 3692.14 -108.631
46560 995332 2.9213e+07 3691.4 -136.613
46620 1.21682e+06 2.92048e+07 3690.44 -164.588
46680 1.43824e+06 2.91949e+07 3689.28 -192.555
46740 1.6596e+06 2.91833e+07 3687.9 -220.511
46800 1.88087e+06 2.91701e+07 3686.31 -248.456
46860 2.10205e+06 2.91552e+07 3684.51 -276.388
46920 2.32312e+06 2.91386e+07 3682.5 -304.305
46980 2.54407e+06 2.91204e+07 3680.27 -332.205
47040 2.76489e+06 2.91004e+07 3677.84 -360.088
47100 2.98556e+06 2.90788e+07 3675.19 -387.95
47160 3.20607e+06 2.90555e+07 3672.33 -415.792
47220 3.42641e+06 2.90306e+07 3669.26 -443.611
47280 3.64657e+06 2.9004e+07 3665.98 -471.405
47340 3.86652e+06 2.89757e+07 3662.49 -499.173
47400 4.08627e+06 2.89457e+07 3658.79 -526.913
47460 4.3058e+06 2.89141e+07 3654.88 -554.624
47520 4.52509e+06 2.88809e+07 3650.75 -582.304
47580 4.74414e+06 2.88459e+07 3646.42 -609.952
47640 4.96292e+06 2.88093e+07 3641.88 -637.565
47700 5.18144e+06 2.87711e+07 3637.13 -665.143
47760 5.39967e+06 2.87312e+07 3632.17 -692.683
47820 5.6176e+06 2.86896e+07 3627 -720.185
47880 5.83522e+06 2.86464e+07 3621.62 -747.646
47940 6.05251e+06 2.86015e+07 3616.04 -775.065
48000 6.26948e+06 2.8555e+07 3610.25 -802.441
48060 6.48609e+06 2.85069e+07 3604.25 -829.771
48120 6.70235e+06 2.84571e+07 3598.04 -857.054
48180 6.91823e+06 2.84057e+07 3591.62 -884.289
48240 7.13372e+06 2.83526e+07 3585 -911.474
48300 7.34882e+06 2.82979e+07 3578.18 -938.607
48360 7.56352e+06 2.82416e+07 3571.14 -965.687
48420 7.77778e+06 2.81837e+07 3563.91 -992.713
48480 7.99162e+06 2.81241e+07 3556.46 -1019.68
48540 8.20501e+06 2.80629e+07 3548.82 -1046.59
48600 8.41794e+06 2.80001e+07 3540.97 -1073.45
48660 8.63039e+06 2.79357e+07 3532.91 -1100.24
48720 8.84237e+06 2.78697e+07 3524.65 -1126.96
48780 9.05385e+06 2.78021e+07 3516.19 -1153.63
48840 9.26482e+06 2.77329e+07 3507.53 -1180.23
48900 9.47527e+06 2.76621e+07 3498.67 -1206.76
48960 9.68519e+06 2.75896e+07 3489.6 -1233.22
49020 9.89457e+06 2.75157e+07 3480.34 -1259.61
49080 1.01034e+07 2.74401e+07 3470.87 -1285.93
49140 1.03116e+07 2.73629e+07 3461.21 -1312.18
49200 1.05193e+07 2.72842e+07 3451.35 -1338.35
49260 1.07264e+07 2.72039e+07 3441.29 -1364.45
49320 1.09329e+07 2.7122e+07 3431.03 -1390.47
49380 1.11387e+07 2.70386e+07 3420.57 -1416.41
49440 1.1344e+07 2.69536e+07 3409.92 -1442.27
49500 1.15486e+07 2.68671e+07 3399.07 -1468.04
49560 1.17525e+07 2.6779e+07 3388.03 -1493.73
49620 1.19558e+07 2.66894e+07 3376.79 -1519.34
49680 1.21584e+07 2.65982e+07 3365.36 -1544.86
49740 1.23603e+07 2.65055e+07 3353.73 -1570.29
49800 1.25615e+07 2.64113e+07 3341.92 -1595.63
49860 1.27621e+07 2.63156e+07 3329.91 -1620.88
49920 1.29618e+07 2.62183e+07 3317.71 -1646.04
49980 1.31609e+07 2.61195e+07 3305.32 -1671.1
50040 1.33592e+07 2.60193e+07 3292.74 -1696.06
50100 1.35568e+07 2.59175e+07 3279.97 -1720.93
50160 1.37536e+07 2.58143e+07 3267.01 -1745.7
50220 1.39496e+07 2.57095e+07 3253.87 -1770.37
50280 1.41448e+07 2.56033e+07 3240.54 -1794.94
50340 1.43393e+07 2.54956e+07 3227.02 -1819.41
50400 1.45329e+07 2.53864e+07 3213.32 -1843.77
50460 1.47257e+07 2.52758e+07 3199.43 -1868.03
50520 1.49177e+07 2.51637e+07 3185.36 -1892.18
50580 1.51088e+07 2.50502e+07 3171.11 -1916.21
50640 1.52991e+07 2.49352e+07 3156.68 -1940.14
50700 1.54885e+07 2.48188e+07 3142.07 -1963.96
50760 1.5677e+07 2.4701e+07 3127.27 -1987.67
50820 1.58646e+07 2.45817e+07 3112.3 -2011.26
50880 1.60514e+07 2.4461e+07 3097.15 -2034.74
50940 1.62372e+07 2.4339e+07 3081.82 -2058.09
51000 1.64221e+07 2.42155e+07 3066.32 -2081.33
51060 1.66061e+07 2.40906e+07 3050.64 -2104.46
51120 1.67891e+07 2.39643e+07 3034.78 -2127.46
51180 1.69712e+07 2.38367e+07 3018.75 -2150.33
51240 1.71523e+07 2.37077e+07 3002.55 -2173.09
51300 1.73325e+07 2.35773e+07 2986.18 -2195.72
51360 1.75116e+07 2.34455e+07 2969.64 -2218.22
51420 1.76898e+07 2.33124e+07 2952.93 -2240.59
51480 1.7867e+07 2.3178e+07 2936.05 -2262.84
51540 1.80432e+07 2.30422e+07 2919 -2284.95
51600 1.82183e+07 2.29051e+07 2901.78 -2306.94
51660 1.83924e+07 2.27667e+07 2884.4 -2328.79
51720 1.85655e+07 2.2627e+07 2866.86 -2350.51
51780 1.87375e+07 2.2486e+07 2849.15 -2372.09
51840 1.89084e+07 2.23436e+07 2831.28 -2393.53
51900 1.90783e+07 2.22e+07 2813.25 -2414.84
51960 1.92471e+07 2.20551e+07 2795.06 -2436.01
52020 1.94148e+07 2.1909e+07 2776.71 -2457.04
52080 1.95814e+07 2.17615e+07 2758.2 -2477.93
52140 1.97469e+07 2.16129e+07 2739.53 -2498.67
52200 1.99113e+07 2.1463e+07 2720.71 -2519.27
52260 2.00745e+07 2.13118e+07 2701.73 -2539.73
52320 2.02366e+07 2.11594e+07 2682.6 -2560.04
52380 2.03976e+07 2.10058e+07 2663.32 -2580.2
52440 2.05574e+07 2.0851e+07 2643.89 -2600.21
52500 2.0716e+07 2.0695e+07 2624.3 -2620.07
52560 2.08735e+07 2.05378e+07 2604.57 -2639.79
52620 2.10297e+07 2.03794e+07 2584.69 -2659.35
52680 2.11848e+07 2.02198e+07 2564.66 -2678.75
52740 2.13387e+07 2.00591e+07 2544.49 -2698.01
52800 2.14914e+07 1.98972e+07 2524.18 -2717.1
52860 2.16428e+07 1.97342e+07 2503.72 -2736.05
52920 2.1793e+07 1.957e+07 2483.12 -2754.83
52980 2.1942e+07 1.94047e+07 2462.38 -2773.45
53040 2.20898e+07 1.92383e+07 2441.5 -2791.92
53100 2.22363e+07 1.90708e+07 2420.48 -2810.22
53160 2.23815e+07 1.89022e+07 2399.33 -2828.37
53220 2.25255e+07 1.87325e+07 2378.04 -2846.35
53280 2.26681e+07 1.85617e+07 2356.61 -2864.16
53340 2.28095e+07 1.83899e+07 2335.06 -2881.81
53400 2.29496e+07 1.8217e+07 2313.37 -2899.3
53460 2.30884e+07 1.8043e+07 2291.55 -2916.62
53520 2.32259e+07 1.7868e+07 2269.6 -2933.77
53580 2.33621e+07 1.7692e+07 2247.53 -2950.75
53640 2.3497e+07 1.75149e+07 2225.33 -2967.56
53700 2.36305e+07 1.73369e+07 2203.01 -2984.2
53760 2.37627e+07 1.71578e+07 2180.56 -3000.67
53820 2.38935e+07 1.69778e+07 2157.99 -3016.97
53880 2.4023e+07 1.67968e+07 2135.3 -3033.09
53940 2.41511e+07 1.66148e+07 2112.49 -3049.04
54000 2.42778e+07 1.64319e+07 2089.56 -3064.82
54060 2.44032e+07 1.6248e+07 2066.51 -3080.41
54120 2.45272e+07 1.60631e+07 2043.35 -3095.83
54180 2.46498e+07 1.58774e+07 2020.08 -3111.08
54240 2.4771e+07 1.56907e+07 1996.69 -3126.14
54300 2.48908e+07 1.55032e+07 1973.19 -3141.02
54360 2.50092e+07 1.53147e+07 1949.59 -3155.73
54420 2.51262e+07 1.51254e+07 1925.87 -3170.25
54480 2.52417e+07 1.49351e+07 1902.05 -3184.59
54540 2.53559e+07 1.47441e+07 1878.12 -3198.75
54600 2.54685e+07 1.45521e+07 1854.09 -3212.72
54660 2.55798e+07 1.43594e+07 1829.96 -3226.51
54720 2.56896e+07 1.41658e+07 1805.72 -3240.12
54780 2.57979e+07 1.39714e+07 1781.39 -3253.53
54840 2.59048e+07 1.37762e+07 1756.96 -3266.77
54900 2.60102e+07 1.35802e+07 1732.43 -3279.81
54960 2.61142e+07 1.33834e+07 1707.8 -3292.67
55020 2.62166e+07 1.31858e+07 1683.09 -3305.33
55080 2.63176e+07 1.29875e+07 1658.28 -3317.81
55140 2.64171e+07 1.27884e+07 1633.38 -3330.1
55200 2.65151e+07 1.25886e+07 1608.39 -3342.2
55260 2.66116e+07 1.23881e+07 1583.31 -3354.1
55320 2.67066e+07 1.21868e+07 1558.15 -3365.82
55380 2.68001e+07 1.19849e+07 1532.9 -3377.34
55440 2.68921e+07 1.17822e+07 1507.57 -3388.66
55500 2.69825e+07 1.15789e+07 1482.16 -3399.8
55560 2.70715e+07 1.13749e+07 1456.67 -3410.74
55620 2.71589e+07 1.11703e+07 1431.1 -3421.48
55680 2.72447e+07 1.0965e+07 1405.45 -3432.03
55740 2.73291e+07 1.07591e+07 1379.73 -3442.38
55800 2.74118e+07 1.05525e+07 1353.93 -3452.54
55860 2.74931e+07 1.03454e+07 1328.06 -3462.5
55920 2.75728e+07 1.01376e+07 1302.12 -3472.26
55980 2.76509e+07 9.9293e+06 1276.11 -3481.82
56040 2.77275e+07 9.7204e+06 1250.04 -3491.18
56100 2.78025e+07 9.51092e+06 1223.9 -3500.35
56160 2.78759e+07 9.3009e+06 1197.69 -3509.31
56220 2.79478e+07 9.09034e+06 1171.42 -3518.08
56280 2.8018e+07 8.87926e+06 1145.09 -3526.64
56340 2.80867e+07 8.66766e+06 1118.7 -3535.01
56400 2.81539e+07 8.45556e+06 1092.25 -3543.17
56460 2.82194e+07 8.24297e+06 1065.74 -3551.13
56520 2.82834e+07 8.0299e+06 1039.18 -3558.89
56580 2.83457e+07 7.81637e+06 1012.57 -3566.44
56640 2.84065e+07 7.60238e+06 985.9 -3573.8
56700 2.84656e+07 7.38796e+06 959.184 -3580.95
56760 2.85232e+07 7.1731e+06 932.418 -3587.89
56820 2.85791e+07 6.95782e+06 905.606 -3594.64
56880 2.86334e+07 6.74215e+06 878.749 -3601.18
56940 2.86862e+07 6.52608e+06 851.847 -3607.51
57000 2.87373e+07 6.30963e+06 824.903 -3613.64
57060 2.87868e+07 6.09281e+06 797.919 -3619.56
57120 2.88346e+07 5.87563e+06 770.895 -3625.28
57180 2.88809e+07 5.65812e+06 743.834 -3630.8
57240 2.89255e+07 5.44027e+06 716.737 -3636.11
57300 2.89685e+07 5.2221e+06 689.606 -3641.21
57360 2.90099e+07 5.00363e+06 662.442 -3646.11
57420 2.90497e+07 4.78486e+06 635.247 -3650.8
57480 2.90878e+07 4.56582e+06 608.023 -3655.28
57540 2.91243e+07 4.3465e+06 580.771 -3659.56
57600 2.91591e+07 4.12692e+06 553.493 -3663.63
57660 2.91923e+07 3.90711e+06 526.19 -3667.49
57720 2.92239e+07 3.68706e+06 498.864 -3671.15
57780 2.92538e+07 3.46679e+06 471.517 -3674.6
57840 2.92821e+07 3.24631e+06 444.15 -3677.84
57900 2.93088e+07 3.02564e+06 416.765 -3680.88
57960 2.93338e+07 2.80479e+06 389.363 -3683.71
58020 2.93571e+07 2.58377e+06 361.946 -3686.33
58080 2.93788e+07 2.36259e+06 334.517 -3688.74
58140 2.93989e+07 2.14126e+06 307.075 -3690.95
58200 2.94173e+07 1.9198e+06 279.623 -3692.95
58260 2.94341e+07 1.69823e+06 252.163 -3694.74
58320 2.94492e+07 1.47654e+06 224.697 -3696.33
58380 2.94627e+07 1.25476e+06 197.224 -3697.71
58440 2.94746e+07 1.0329e+06 169.749 -3698.88
58500 2.94847e+07 810968 142.271 -3699.84
58560 2.94933e+07 588978 114.792 -3700.59
58620 2.95002e+07 366943 87.3153 -3701.14
58680 2.95054e+07 144874 59.841 -3701.48
58740 2.9509e+07 -77215.1 32.371 -3701.62
58800 2.95109e+07 -299312 4.90702 -3701.55
58860 2.95112e+07 -521405 -22.5494 -3701.27
58920 2.95099e+07 -743481 -49.9966 -3700.78
58980 2.95069e+07 -965528 -77.4331 -3700.09
59040 2.95022e+07 -1.18753e+06 -104.857 -3699.2
59100 2.94959e+07 -1.40949e+06 -132.267 -3698.09
59160 2.9488e+07 -1.63137e+06 -159.662 -3696.78
59220 2.94784e+07 -1.85318e+06 -187.04 -3695.27
59280 2.94672e+07 -2.07489e+06 -214.399 -3693.55
59340 2.94543e+07 -2.29651e+06 -241.737 -3691.62
59400 2.94398e+07 -2.518e+06 -269.054 -3689.49
59460 2.94237e+07 -2.73937e+06 -296.348 -3687.16
59520 2.94059e+07 -2.9606e+06 -323.616 -3684.62
59580 2.93865e+07 -3.18168e+06 -350.858 -3681.88
59640 2.93654e+07 -3.40259e+06 -378.072 -3678.93
59700 2.93428e+07 -3.62333e+06 -405.256 -3675.78
59760 2.93184e+07 -3.84388e+06 -432.409 -3672.43
59820 2.92925e+07 -4.06422e+06 -459.529 -3668.87
59880 2.92649e+07 -4.28435e+06 -486.615 -3665.12
59940 2.92357e+07 -4.50426e+06 -513.665 -3661.15
60000 2.92049e+07 -4.72393e+06 -540.677 -3656.99
60060 2.91725e+07 -4.94335e+06 -567.651 -3652.63
60120 2.91384e+07 -5.16251e+06 -594.584 -3648.07
60180 2.91027e+07 -5.38139e+06 -621.476 -3643.3
60240 2.90654e+07 -5.59999e+06 -648.323 -3638.34
60300 2.90265e+07 -5.81829e+06 -675.126 -3633.17
60360 2.8986e+07 -6.03628e+06 -701.882 -3627.81
60420 2.89439e+07 -6.25395e+06 -728.59 -3622.25
60480 2.89002e+07 -6.47128e+06 -755.249 -3616.49
60540 2.88549e+07 -6.68827e+06 -781.856 -3610.53
60600 2.8808e+07 -6.90491e+06 -808.411 -3604.38
60660 2.87595e+07 -7.12117e+06 -834.912 -3598.02
60720 2.87094e+07 -7.33705e+06 -861.358 -3591.47
60780 2.86577e+07 -7.55254e+06 -887.746 -3584.73
60840 2.86044e+07 -7.76762e+06 -914.076 -3577.79
60900 2.85496e+07 -7.98229e+06 -940.346 -3570.66
60960 2.84932e+07 -8.19653e+06 -966.555 -3563.33
61020 2.84352e+07 -8.41033e+06 -992.701 -3555.81
61080 2.83756e+07 -8.62368e+06 -1018.78 -3548.1
61140 2.83145e+07 -8.83656e+06 -1044.8 -3540.19
61200 2.82518e+07 -9.04897e+06 -1070.75 -3532.09
61260 2.81876e+07 -9.2609e+06 -1096.63 -3523.8
61320 2.81218e+07 -9.47233e+06 -1122.44 -3515.32
61380 2.80544e+07 -9.68325e+06 -1148.17 -3506.65
61440 2.79855e+07 -9.89365e+06 -1173.84 -3497.79
61500 2.79151e+07 -1.01035e+07 -1199.43 -3488.75
61560 2.78431e+07 -1.03128e+07 -1224.95 -3479.51
61620 2.77696e+07 -1.05216e+07 -1250.39 -3470.09
61680 2.76946e+07 -1.07298e+07 -1275.75 -3460.48
61740 2.76181e+07 -1.09374e+07 -1301.03 -3450.69
61800 2.754e+07 -1.11445e+07 -1326.22 -3440.71
61860 2.74604e+07 -1.13509e+07 -1351.34 -3430.54
61920 2.73793e+07 -1.15568e+07 -1376.37 -3420.2
61980 2.72968e+07 -1.1762e+07 -1401.32 -3409.67
62040 2.72127e+07 -1.19666e+07 -1426.18 -3398.95
62100 2.71271e+07 -1.21705e+07 -1450.95 -3388.06
62160 2.70401e+07 -1.23738e+07 -1475.64 -3376.99
62220 2.69515e+07 -1.25764e+07 -1500.23 -3365.73
62280 2.68615e+07 -1.27783e+07 -1524.73 -3354.3
62340 2.677e+07 -1.29796e+07 -1549.14 -3342.69
62400 2.66771e+07 -1.31802e+07 -1573.45 -3330.9
62460 2.65827e+07 -1.338e+07 -1597.67 -3318.94
62520 2.64868e+07 -1.35791e+07 -1621.79 -3306.79
62580 2.63895e+07 -1.37776e+07 -1645.81 -3294.48
62640 2.62908e+07 -1.39752e+07 -1669.73 -3281.99
62700 2.61906e+07 -1.41721e+07 -1693.55 -3269.33
62760 2.6089e+07 -1.43683e+07 -1717.27 -3256.49
62820 2.59859e+07 -1.45637e+07 -1740.88 -3243.49
62880 2.58815e+07 -1.47583e+07 -1764.39 -3230.31
62940 2.57756e+07 -1.49521e+07 -1787.8 -3216.97
63000 2.56683e+07 -1.51451e+07 -1811.1 -3203.45
63060 2.55597e+07 -1.53373e+07 -1834.28 -3189.77
63120 2.54496e+07 -1.55287e+07 -1857.36 -3175.92
63180 2.53382e+07 -1.57193e+07 -1880.33 -3161.91
63240 2.52253e+07 -1.5909e+07 -1903.19 -3147.73
63300 2.51112e+07 -1.60979e+07 -1925.93 -3133.38
63360 2.49956e+07 -1.62859e+07 -1948.56 -3118.88
63420 2.48787e+07 -1.6473e+07 -1971.08 -3104.21
63480 2.47604e+07 -1.66592e+07 -1993.47 -3089.38
63540 2.46408e+07 -1.68446e+07 -2015.75 -3074.39
63600 2.45199e+07 -1.70291e+07 -2037.91 -3059.24
63660 2.43976e+07 -1.72126e+07 -2059.95 -3043.93
63720 2.4274e+07 -1.73953e+07 -2081.87 -3028.47
63780 2.41491e+07 -1.7577e+07 -2103.67 -3012.85
63840 2.40229e+07 -1.77577e+07 -2125.34 -2997.07
63900 2.38953e+07 -1.79376e+07 -2146.89 -2981.14
63960 2.37665e+07 -1.81164e+07 -2168.32 -2965.06
64020 2.36364e+07 -1.82943e+07 -2189.61 -2948.82
64080 2.35051e+07 -1.84713e+07 -2210.78 -2932.44
64140 2.33724e+07 -1.86472e+07 -2231.83 -2915.9
64200 2.32385e+07 -1.88222e+07 -2252.74 -2899.22
64260 2.31033e+07 -1.89961e+07 -2273.52 -2882.39
64320 2.29669e+07 -1.91691e+07 -2294.17 -2865.41
64380 2.28293e+07 -1.9341e+07 -2314.68 -2848.29
64440 2.26904e+07 -1.95119e+07 -2335.06 -2831.02
64500 2.25503e+07 -1.96817e+07 -2355.31 -2813.61
64560 2.2409e+07 -1.98506e+07 -2375.42 -2796.05
64620 2.22664e+07 -2.00183e+07 -2395.4 -2778.36
64680 2.21227e+07 -2.0185e+07 -2415.24 -2760.53
64740 2.19778e+07 -2.03507e+07 -2434.93 -2742.55
64800 2.18317e+07 -2.05152e+07 -2454.49 -2724.44
64860 2.16844e+07 -2.06787e+07 -2473.91 -2706.19
64920 2.1536e+07 -2.08411e+07 -2493.19 -2687.81
64980 2.13864e+07 -2.10023e+07 -2512.32 -2669.29
65040 2.12357e+07 -2.11625e+07 -2531.32 -2650.64
65100 2.10838e+07 -2.13215e+07 -2550.16 -2631.86
65160 2.09308e+07 -2.14794e+07 -2568.86 -2612.95
65220 2.07767e+07 -2.16362e+07 -2587.42 -2593.91
65280 2.06214e+07 -2.17918e+07 -2605.83 -2574.74
65340 2.04651e+07 -2.19463e+07 -2624.09 -2555.44
65400 2.03076e+07 -2.20997e+07 -2642.2 -2536.01
65460 2.01491e+07 -2.22518e+07 -2660.17 -2516.46
65520 1.99895e+07 -2.24028e+07 -2677.98 -2496.79
65580 1.98288e+07 -2.25526e+07 -2695.64 -2477
65640 1.96671e+07 -2.27012e+07 -2713.16 -2457.08
65700 1.95043e+07 -2.28487e+07 -2730.51 -2437.04
65760 1.93404e+07 -2.29949e+07 -2747.72 -2416.89
65820 1.91756e+07 -2.31399e+07 -2764.77 -2396.62
65880 1.90097e+07 -2.32837e+07 -2781.67 -2376.23
65940 1.88428e+07 -2.34263e+07 -2798.41 -2355.72
66000 1.86749e+07 -2.35676e+07 -2814.99 -2335.11
66060 1.8506e+07 -2.37077e+07 -2831.42 -2314.38
66120 1.83361e+07 -2.38466e+07 -2847.68 -2293.53
66180 1.81652e+07 -2.39842e+07 -2863.79 -2272.58
66240 1.79934e+07 -2.41205e+07 -2879.75 -2251.52
66300 1.78206e+07 -2.42556e+07 -2895.54 -2230.35
66360 1.76469e+07 -2.43895e+07 -2911.17 -2209.08
66420 1.74722e+07 -2.4522e+07 -2926.64 -2187.7
66480 1.72966e+07 -2.46533e+07 -2941.94 -2166.22
66540 1.71201e+07 -2.47832e+07 -2957.09 -2144.63
66600 1.69427e+07 -2.49119e+07 -2972.07 -2122.94
66660 1.67644e+07 -2.50393e+07 -2986.89 -2101.16
66720 1.65851e+07 -2.51654e+07 -3001.54 -2079.27
66780 1.64051e+07 -2.52901e+07 -3016.03 -2057.29
66840 1.62241e+07 -2.54135e+07 -3030.35 -2035.21
66900 1.60423e+07 -2.55357e+07 -3044.51 -2013.03
66960 1.58596e+07 -2.56564e+07 -3058.5 -1990.76
67020 1.56761e+07 -2.57759e+07 -3072.32 -1968.41
67080 1.54917e+07 -2.5894e+07 -3085.97 -1945.95
67140 1.53066e+07 -2.60108e+07 -3099.46 -1923.41
67200 1.51206e+07 -2.61262e+07 -3112.77 -1900.79
67260 1.49339e+07 -2.62402e+07 -3125.92 -1878.07
67320 1.47463e+07 -2.63529e+07 -3138.9 -1855.27
67380 1.4558e+07 -2.64642e+07 -3151.7 -1832.38
67440 1.43689e+07 -2.65741e+07 -3164.34 -1809.41
67500 1.4179e+07 -2.66827e+07 -3176.8 -1786.36
67560 1.39884e+07 -2.67899e+07 -3189.09 -1763.23
67620 1.37971e+07 -2.68957e+07 -3201.21 -1740.02
67680 1.3605e+07 -2.70001e+07 -3213.16 -1716.73
67740 1.34122e+07 -2.71031e+07 -3224.93 -1693.37
67800 1.32187e+07 -2.72047e+07 -3236.53 -1669.93
67860 1.30245e+07 -2.73049e+07 -3247.96 -1646.42
67920 1.28296e+07 -2.74037e+07 -3259.21 -1622.83
67980 1.26341e+07 -2.7501e+07 -3270.28 -1599.18
68040 1.24379e+07 -2.7597e+07 -3281.18 -1575.45
68100 1.2241e+07 -2.76915e+07 -3291.91 -1551.65
68160 1.20435e+07 -2.77846e+07 -3302.45 -1527.79
68220 1.18453e+07 -2.78763e+07 -3312.83 -1503.86
68280 1.16466e+07 -2.79665e+07 -3323.02 -1479.87
68340 1.14472e+07 -2.80553e+07 -3333.04 -1455.82
68400 1.12472e+07 -2.81427e+07 -3342.88 -1431.7
68460 1.10466e+07 -2.82286e+07 -3352.54 -1407.52
68520 1.08455e+07 -2.8313e+07 -3362.03 -1383.28
68580 1.06437e+07 -2.8396e+07 -3371.33 -1358.99
68640 1.04415e+07 -2.84776e+07 -3380.46 -1334.64
68700 1.02386e+07 -2.85576e+07 -3389.41 -1310.23
68760 1.00353e+07 -2.86362e+07 -3398.18 -1285.77
68820 9.83138e+06 -2.87134e+07 -3406.77 -1261.26
68880 9.62697e+06 -2.87891e+07 -3415.18 -1236.7
68940 9.42206e+06 -2.88633e+07 -3423.41 -1212.08
69000 9.21666e+06 -2.8936e+07 -3431.46 -1187.42
69060 9.01077e+06 -2.90072e+07 -3439.33 -1162.71
69120 8.80441e+06 -2.9077e+07 -3447.02 -1137.96
69180 8.59759e+06 -2.91453e+07 -3454.53 -1113.16
69240 8.39032e+06 -2.92121e+07 -3461.86 -1088.32
69300 8.18261e+06 -2.92774e+07 -3469 -1063.43
69360 7.97447e+06 -2.93412e+07 -3475.97 -1038.51
69420 7.76591e+06 -2.94035e+07 -3482.75 -1013.55
69480 7.55694e+06 -2.94643e+07 -3489.36 -988.546
69540 7.34758e+06 -2.95236e+07 -3495.78 -963.509
69600 7.13783e+06 -2.95814e+07 -3502.02 -938.437
69660 6.92771e+06 -2.96377e+07 -3508.08 -913.331
69720 6.71723e+06 -2.96925e+07 -3513.95 -888.193
69780 6.50639e+06 -2.97458e+07 -3519.65 -863.024
69840 6.29521e+06 -2.97976e+07 -3525.16 -837.825
69900 6.0837e+06 -2.98479e+07 -3530.49 -812.598
69960 5.87187e+06 -2.98966e+07 -3535.64 -787.344
70020 5.65974e+06 -2.99439e+07 -3540.6 -762.064
70080 5.4473e+06 -2.99896e+07 -3545.38 -736.759
70140 5.23458e+06 -3.00338e+07 -3549.98 -711.432
70200 5.02158e+06 -3.00765e+07 -3554.4 -686.083
70260 4.80831e+06 -3.01176e+07 -3558.64 -660.714
70320 4.5948e+06 -3.01573e+07 -3562.69 -635.325
70380 4.38103e+06 -3.01954e+07 -3566.56 -609.919
70440 4.16704e+06 -3.0232e+07 -3570.25 -584.496
70500 3.95282e+06 -3.02671e+07 -3573.76 -559.058
70560 3.7384e+06 -3.03006e+07 -3577.08 -533.606
70620 3.52377e+06 -3.03326e+07 -3580.22 -508.142
70680 3.30896e+06 -3.03631e+07 -3583.18 -482.666
70740 3.09397e+06 -3.03921e+07 -3585.96 -457.181
70800 2.87881e+06 -3.04195e+07 -3588.55 -431.687
70860 2.6635e+06 -3.04454e+07 -3590.97 -406.185
70920 2.44804e+06 -3.04698e+07 -3593.2 -380.678
70980 2.23245e+06 -3.04926e+07 -3595.25 -355.166
71040 2.01673e+06 -3.05139e+07 -3597.12 -329.65
71100 1.80091e+06 -3.05337e+07 -3598.8 -304.132
71160 1.58498e+06 -3.0552e+07 -3600.31 -278.614
71220 1.36896e+06 -3.05687e+07 -3601.63 -253.096
71280 1.15286e+06 -3.05839e+07 -3602.78 -227.58
71340 936696 -3.05975e+07 -3603.74 -202.066
71400 720472 -3.06096e+07 -3604.52 -176.557
71460 504201 -3.06202e+07 -3605.12 -151.054
71520 287894 -3.06293e+07 -3605.54 -125.557
71580 71561.7 -3.06368e+07 -3605.78 -100.068
71640 -144785 -3.06428e+07 -3605.84 -74.5893
71700 -361135 -3.06473e+07 -3605.72 -49.1207
71760 -577478 -3.06503e+07 -3605.42 -23.664
71820 -793803 -3.06517e+07 -3604.94 1.77948
71880 -1.0101e+06 -3.06516e+07 -3604.28 27.2086
71940 -1.22636e+06 -3.06499e+07 -3603.44 52.6221
72000 -1.44256e+06 -3.06468e+07 -3602.43 78.0187
72060 -1.65871e+06 -3.06421e+07 -3601.23 103.397
72120 -1.87478e+06 -3.06359e+07 -3599.86 128.756
72180 -2.09077e+06 -3.06282e+07 -3598.31 154.095
72240 -2.30667e+06 -3.06189e+07 -3596.58 179.411
72300 -2.52247e+06 -3.06082e+07 -3594.67 204.705
72360 -2.73815e+06 -3.05959e+07 -3592.59 229.974
72420 -2.9537e+06 -3.05821e+07 -3590.33 255.218
72480 -3.16912e+06 -3.05668e+07 -3587.9 280.435
72540 -3.3844e+06 -3.05499e+07 -3585.28 305.624
72600 -3.59951e+06 -3.05316e+07 -3582.5 330.784
72660 -3.81446e+06 -3.05118e+07 -3579.54 355.914
72720 -4.02924e+06 -3.04904e+07 -3576.4 381.012
72780 -4.24382e+06 -3.04675e+07 -3573.09 406.077
72840 -4.4582e+06 -3.04432e+07 -3569.6 431.108
72900 -4.67238e+06 -3.04173e+07 -3565.94 456.104
72960 -4.88634e+06 -3.03899e+07 -3562.1 481.064
73020 -5.10006e+06 -3.03611e+07 -3558.1 505.987
73080 -5.31355e+06 -3.03307e+07 -3553.92 530.87
73140 -5.52678e+06 -3.02989e+07 -3549.56 555.714
73200 -5.73976e+06 -3.02655e+07 -3545.04 580.517
73260 -5.95246e+06 -3.02307e+07 -3540.34 605.278
73320 -6.16488e+06 -3.01944e+07 -3535.48 629.995
73380 -6.37701e+06 -3.01566e+07 -3530.44 654.668
73440 -6.58884e+06 -3.01173e+07 -3525.23 679.295
73500 -6.80035e+06 -3.00765e+07 -3519.85 703.876
73560 -7.01154e+06 -3.00343e+07 -3514.31 728.408
73620 -7.2224e+06 -2.99906e+07 -3508.59 752.891
73680 -7.43291e+06 -2.99454e+07 -3502.71 777.325
73740 -7.64308e+06 -2.98988e+07 -3496.66 801.707
73800 -7.85288e+06 -2.98507e+07 -3490.44 826.036
73860 -8.0623e+06 -2.98011e+07 -3484.05 850.312
73920 -8.27135e+06 -2.97501e+07 -3477.5 874.533
73980 -8.48e+06 -2.96976e+07 -3470.78 898.699
74040 -8.68824e+06 -2.96437e+07 -3463.89 922.807
74100 -8.89608e+06 -2.95883e+07 -3456.85 946.858
74160 -9.10349e+06 -2.95315e+07 -3449.63 970.849
74220 -9.31046e+06 -2.94733e+07 -3442.26 994.781
74280 -9.517e+06 -2.94136e+07 -3434.72 1018.65
74340 -9.72308e+06 -2.93525e+07 -3427.01 1042.46
74400 -9.9287e+06 -2.92899e+07 -3419.15 1066.2
74460 -1.01339e+07 -2.9226e+07 -3411.12 1089.88
74520 -1.03385e+07 -2.91606e+07 -3402.93 1113.5
74580 -1.05427e+07 -2.90938e+07 -3394.58 1137.05
74640 -1.07464e+07 -2.90255e+07 -3386.07 1160.53
74700 -1.09495e+07 -2.89559e+07 -3377.41 1183.94
74760 -1.11522e+07 -2.88849e+07 -3368.58 1207.28
74820 -1.13543e+07 -2.88124e+07 -3359.59 1230.55
74880 -1.15559e+07 -2.87386e+07 -3350.45 1253.75
74940 -1.17569e+07 -2.86634e+07 -3341.15 1276.88
75000 -1.19574e+07 -2.85868e+07 -3331.7 1299.93
75060 -1.21573e+07 -2.85088e+07 -3322.09 1322.91
75120 -1.23566e+07 -2.84294e+07 -3312.32 1345.81
75180 -1.25553e+07 -2.83486e+07 -3302.4 1368.63
75240 -1.27535e+07 -2.82665e+07 -3292.32 1391.38
75300 -1.2951e+07 -2.8183e+07 -3282.1 1414.05
75360 -1.31479e+07 -2.80982e+07 -3271.72 1436.64
75420 -1.33442e+07 -2.8012e+07 -3261.18 1459.15
75480 -1.35399e+07 -2.79244e+07 -3250.5 1481.57
75540 -1.37349e+07 -2.78356e+07 -3239.67 1503.92
75600 -1.39293e+07 -2.77453e+07 -3228.68 1526.18
75660 -1.4123e+07 -2.76537e+07 -3217.55 1548.35
75720 -1.43161e+07 -2.75608e+07 -3206.27 1570.44
75780 -1.45085e+07 -2.74666e+07 -3194.84 1592.45
75840 -1.47002e+07 -2.73711e+07 -3183.26 1614.36
75900 -1.48912e+07 -2.72742e+07 -3171.54 1636.19
75960 -1.50815e+07 -2.7176e+07 -3159.67 1657.93
76020 -1.5271e+07 -2.70766e+07 -3147.66 1679.57
76080 -1.54599e+07 -2.69758e+07 -3135.5 1701.13
76140 -1.5648e+07 -2.68737e+07 -3123.2 1722.59
76200 -1.58354e+07 -2.67704e+07 -3110.76 1743.96
76260 -1.60221e+07 -2.66657e+07 -3098.17 1765.24
76320 -1.6208e+07 -2.65598e+07 -3085.44 1786.42
76380 -1.63931e+07 -2.64526e+07 -3072.58 1807.51
76440 -1.65774e+07 -2.63442e+07 -3059.57 1828.5
76500 -1.6761e+07 -2.62345e+07 -3046.42 1849.39
76560 -1.69438e+07 -2.61235e+07 -3033.14 1870.19
76620 -1.71258e+07 -2.60113e+07 -3019.71 1890.88
76680 -1.7307e+07 -2.58978e+07 -3006.15 1911.48
76740 -1.74873e+07 -2.57832e+07 -2992.46 1931.97
76800 -1.76669e+07 -2.56672e+07 -2978.63 1952.36
76860 -1.78456e+07 -2.55501e+07 -2964.66 1972.65
76920 -1.80235e+07 -2.54317e+07 -2950.56 1992.84
76980 -1.82005e+07 -2.53122e+07 -2936.33 2012.92
77040 -1.83767e+07 -2.51914e+07 -2921.96 2032.9
77100 -1.8552e+07 -2.50694e+07 -2907.47 2052.77
77160 -1.87265e+07 -2.49462e+07 -2892.84 2072.53
77220 -1.89e+07 -2.48219e+07 -2878.09 2092.19
77280 -1.90727e+07 -2.46964e+07 -2863.2 2111.74
77340 -1.92445e+07 -2.45697e+07 -2848.19 2131.18
77400 -1.94154e+07 -2.44418e+07 -2833.05 2150.51
77460 -1.95854e+07 -2.43128e+07 -2817.78 2169.73
77520 -1.97544e+07 -2.41826e+07 -2802.39 2188.84
77580 -1.99226e+07 -2.40512e+07 -2786.87 2207.83
77640 -2.00898e+07 -2.39188e+07 -2771.23 2226.71
77700 -2.02561e+07 -2.37852e+07 -2755.47 2245.48
77760 -2.04214e+07 -2.36504e+07 -2739.58 2264.14
77820 -2.05858e+07 -2.35146e+07 -2723.57 2282.68
77880 -2.07492e+07 -2.33776e+07 -2707.44 2301.1
77940 -2.09116e+07 -2.32396e+07 -2691.2 2319.41
78000 -2.10731e+07 -2.31004e+07 -2674.83 2337.6
78060 -2.12336e+07 -2.29601e+07 -2658.34 2355.67
78120 -2.13931e+07 -2.28188e+07 -2641.74 2373.62
78180 -2.15516e+07 -2.26764e+07 -2625.02 2391.45
78240 -2.17091e+07 -2.25329e+07 -2608.19 2409.16
78300 -2.18656e+07 -2.23884e+07 -2591.24 2426.76
78360 -2.20211e+07 -2.22427e+07 -2574.18 2444.23
78420 -2.21755e+07 -2.20961e+07 -2557 2461.57
78480 -2.23289e+07 -2.19484e+07 -2539.72 2478.8
78540 -2.24813e+07 -2.17997e+07 -2522.32 2495.9
78600 -2.26327e+07 -2.16499e+07 -2504.81 2512.88
78660 -2.2783e+07 -2.14991e+07 -2487.19 2529.73
78720 -2.29322e+07 -2.13474e+07 -2469.47 2546.46
78780 -2.30804e+07 -2.11946e+07 -2451.63 2563.06
78840 -2.32275e+07 -2.10408e+07 -2433.69 2579.53
78900 -2.33735e+07 -2.0886e+07 -2415.65 2595.88
78960 -2.35184e+07 -2.07303e+07 -2397.5 2612.1
79020 -2.36623e+07 -2.05735e+07 -2379.25 2628.18
79080 -2.3805e+07 -2.04158e+07 -2360.89 2644.14
79140 -2.39467e+07 -2.02572e+07 -2342.43 2659.98
79200 -2.40872e+07 -2.00976e+07 -2323.87 2675.68
79260 -2.42266e+07 -1.99371e+07 -2305.21 2691.24
79320 -2.4365e+07 -1.97756e+07 -2286.45 2706.68
79380 -2.45021e+07 -1.96132e+07 -2267.6 2721.99
79440 -2.46382e+07 -1.94499e+07 -2248.64 2737.16
79500 -2.47731e+07 -1.92856e+07 -2229.59 2752.2
79560 -2.49069e+07 -1.91205e+07 -2210.45 2767.1
79620 -2.50395e+07 -1.89545e+07 -2191.21 2781.87
79680 -2.5171e+07 -1.87876e+07 -2171.87 2796.51
79740 -2.53013e+07 -1.86198e+07 -2152.45 2811.01
79800 -2.54305e+07 -1.84511e+07 -2132.93 2825.37
79860 -2.55584e+07 -1.82816e+07 -2113.32 2839.6
79920 -2.56852e+07 -1.81112e+07 -2093.62 2853.69
79980 -2.58108e+07 -1.794e+07 -2073.83 2867.64
80040 -2.59353e+07 -1.77679e+07 -2053.96 2881.46
80100 -2.60585e+07 -1.7595e+07 -2033.99 2895.13
80160 -2.61806e+07 -1.74213e+07 -2013.95 2908.67
80220 -2.63014e+07 -1.72468e+07 -1993.81 2922.07
80280 -2.6421e+07 -1.70715e+07 -1973.6 2935.32
80340 -2.65394e+07 -1.68954e+07 -1953.3 2948.44
80400 -2.66566e+07 -1.67185e+07 -1932.91 2961.42
80460 -2.67726e+07 -1.65408e+07 -1912.45 2974.25
80520 -2.68874e+07 -1.63623e+07 -1891.91 2986.94
80580 -2.70009e+07 -1.61831e+07 -1871.28 2999.49
80640 -2.71131e+07 -1.60031e+07 -1850.58 3011.9
80700 -2.72242e+07 -1.58224e+07 -1829.81 3024.16
80760 -2.7334e+07 -1.5641e+07 -1808.95 3036.28
80820 -2.74425e+07 -1.54588e+07 -1788.02 3048.26
80880 -2.75498e+07 -1.52759e+07 -1767.02 3060.09
80940 -2.76558e+07 -1.50923e+07 -1745.94 3071.78
81000 -2.77606e+07 -1.4908e+07 -1724.79 3083.32
81060 -2.78641e+07 -1.4723e+07 -1703.57 3094.71
81120 -2.79663e+07 -1.45373e+07 -1682.28 3105.96
81180 -2.80672e+07 -1.4351e+07 -1660.92 3117.07
81240 -2.81669e+07 -1.41639e+07 -1639.5 3128.02
81300 -2.82652e+07 -1.39763e+07 -1618 3138.83
81360 -2.83623e+07 -1.37879e+07 -1596.44 3149.49
81420 -2.84581e+07 -1.3599e+07 -1574.81 3160.01
81480 -2.85526e+07 -1.34094e+07 -1553.12 3170.37
81540 -2.86458e+07 -1.32191e+07 -1531.37 3180.59
81600 -2.87377e+07 -1.30283e+07 -1509.55 3190.66
81660 -2.88282e+07 -1.28369e+07 -1487.67 3200.58
81720 -2.89175e+07 -1.26448e+07 -1465.73 3210.34
81780 -2.90054e+07 -1.24522e+07 -1443.74 3219.96
81840 -2.90921e+07 -1.2259e+07 -1421.68 3229.43
81900 -2.91774e+07 -1.20652e+07 -1399.57 3238.75
81960 -2.92613e+07 -1.18709e+07 -1377.4 3247.92
82020 -2.9344e+07 -1.1676e+07 -1355.17 3256.93
82080 -2.94253e+07 -1.14806e+07 -1332.89 3265.8
82140 -2.95053e+07 -1.12847e+07 -1310.56 3274.51
82200 -2.95839e+07 -1.10882e+07 -1288.18 3283.07
82260 -2.96612e+07 -1.08912e+07 -1265.74 3291.48
82320 -2.97371e+07 -1.06937e+07 -1243.26 3299.74
82380 -2.98117e+07 -1.04957e+07 -1220.72 3307.84
82440 -2.9885e+07 -1.02973e+07 -1198.14 3315.79
82500 -2.99569e+07 -1.00983e+07 -1175.51 3323.59
82560 -3.00274e+07 -9.89891e+06 -1152.83 3331.23
82620 -3.00966e+07 -9.69903e+06 -1130.11 3338.72
82680 -3.01644e+07 -9.49871e+06 -1107.35 3346.06
82740 -3.02308e+07 -9.29795e+06 -1084.54 3353.24
82800 -3.02959e+07 -9.09675e+06 -1061.69 3360.27
82860 -3.03596e+07 -8.89514e+06 -1038.8 3367.15
82920 -3.04219e+07 -8.69311e+06 -1015.86 3373.86
82980 -3.04829e+07 -8.49068e+06 -992.893 3380.43
83040 -3.05424e+07 -8.28785e+06 -969.884 3386.84
83100 -3.06006e+07 -8.08464e+06 -946.839 3393.09
83160 -3.06574e+07 -7.88105e+06 -923.758 3399.19
83220 -3.07129e+07 -7.6771e+06 -900.641 3405.13
83280 -3.07669e+07 -7.4728e+06 -877.491 3410.92
83340 -3.08195e+07 -7.26814e+06 -854.308 3416.55
83400 -3.08708e+07 -7.06315e+06 -831.093 3422.02
83460 -3.09207e+07 -6.85783e+06 -807.848 3427.34
83520 -3.09691e+07 -6.65219e+06 -784.572 3432.5
83580 -3.10162e+07 -6.44624e+06 -761.268 3437.51
83640 -3.10619e+07 -6.23999e+06 -737.936 3442.36
83700 -3.11062e+07 -6.03344e+06 -714.577 3447.05
83760 -3.1149e+07 -5.82662e+06 -691.193 3451.59
83820 -3.11905e+07 -5.61953e+06 -667.784 3455.97
83880 -3.12306e+07 -5.41217e+06 -644.351 3460.19
83940 -3.12692e+07 -5.20456e+06 -620.896 3464.25
84000 -3.13065e+07 -4.9967e+06 -597.419 3468.16
84060 -3.13423e+07 -4.78861e+06 -573.922 3471.91
84120 -3.13768e+07 -4.5803e+06 -550.405 3475.5
84180 -3.14098e+07 -4.37177e+06 -526.869 3478.94
84240 -3.14414e+07 -4.16303e+06 -503.316 3482.22
84300 -3.14716e+07 -3.9541e+06 -479.747 3485.34
84360 -3.15004e+07 -3.74498e+06 -456.162 3488.3
84420 -3.15278e+07 -3.53568e+06 -432.562 3491.11
84480 -3.15537e+07 -3.32621e+06 -408.949 3493.75
84540 -3.15783e+07 -3.11659e+06 -385.324 3496.25
84600 -3.16014e+07 -2.90681e+06 -361.688 3498.58
84660 -3.16231e+07 -2.6969e+06 -338.041 3500.75
84720 -3.16434e+07 -2.48685e+06 -314.384 3502.77
84780 -3.16622e+07 -2.27669e+06 -290.719 3504.63
84840 -3.16797e+07 -2.06641e+06 -267.048 3506.33
84900 -3.16957e+07 -1.85603e+06 -243.369 3507.88
84960 -3.17103e+07 -1.64556e+06 -219.686 3509.26
85020 -3.17235e+07 -1.435e+06 -195.998 3510.49
85080 -3.17352e+07 -1.22437e+06 -172.307 3511.56
85140 -3.17456e+07 -1.01368e+06 -148.614 3512.48
85200 -3.17545e+07 -802928 -124.919 3513.24
85260 -3.1762e+07 -592134 -101.225 3513.83
85320 -3.17681e+07 -381304 -77.5308 3514.28
85380 -3.17727e+07 -170448 -53.8388 3514.56
85440 -3.17759e+07 40426 -30.1496 3514.69
85500 -3.17777e+07 251307 -6.46434 3514.66
85560 -3.17781e+07 462187 17.2161 3514.47
85620 -3.17771e+07 673055 40.8907 3514.13
85680 -3.17747e+07 883903 64.5584 3513.62
85740 -3.17708e+07 1.09472e+06 88.2182 3512.97
85800 -3.17655e+07 1.3055e+06 111.869 3512.15
85860 -3.17588e+07 1.51623e+06 135.51 3511.18
85920 -3.17506e+07 1.7269e+06 159.14 3510.05
85980 -3.17411e+07 1.9375e+06 182.759 3508.77
86040 -3.17301e+07 2.14803e+06 206.364 3507.33
86100 -3.17177e+07 2.35847e+06 229.955 3505.73
86160 -3.17039e+07 2.56881e+06 253.532 3503.98
86220 -3.16887e+07 2.77905e+06 277.092 3502.07
86280 -3.16721e+07 2.98917e+06 300.636 3500
86340 -3.16541e+07 3.19917e+06 324.162 3497.78
86400 -3.16346e+07 3.40904e+06 347.669 3495.41
