60 233238 2.63781e+07 3887.3 -34.3709
120 466476 2.6376e+07 3887 -68.7379
180 699696 2.63719e+07 3886.39 -103.098
240 932880 2.63657e+07 3885.48 -137.449
300 1.16601e+06 2.63575e+07 3884.27 -171.788
360 1.39907e+06 2.63472e+07 3882.76 -206.111
420 1.63203e+06 2.63348e+07 3880.94 -240.418
480 1.86489e+06 2.63204e+07 3878.81 -274.704
540 2.09762e+06 2.63039e+07 3876.39 -308.968
600 2.3302e+06 2.62854e+07 3873.66 -343.206
660 2.56262e+06 2.62648e+07 3870.63 -377.416
720 2.79486e+06 2.62421e+07 3867.3 -411.595
780 3.02689e+06 2.62174e+07 3863.66 -445.74
840 3.25871e+06 2.61907e+07 3859.72 -479.849
900 3.4903e+06 2.61619e+07 3855.49 -513.92
960 3.72163e+06 2.61311e+07 3850.95 -547.949
1020 3.95268e+06 2.60982e+07 3846.11 -581.933
1080 4.18345e+06 2.60633e+07 3840.97 -615.871
1140 4.41391e+06 2.60263e+07 3835.54 -649.759
1200 4.64404e+06 2.59873e+07 3829.8 -683.596
1260 4.87383e+06 2.59463e+07 3823.77 -717.377
1320 5.10325e+06 2.59033e+07 3817.43 -751.101
1380 5.3323e+06 2.58582e+07 3810.8 -784.765
1440 5.56095e+06 2.58111e+07 3803.88 -818.366
1500 5.78918e+06 2.5762e+07 3796.65 -851.901
1560 6.01698e+06 2.57109e+07 3789.13 -885.369
1620 6.24433e+06 2.56578e+07 3781.32 -918.766
1680 6.47121e+06 2.56027e+07 3773.21 -952.09
1740 6.6976e+06 2.55455e+07 3764.81 -985.338
1800 6.92349e+06 2.54864e+07 3756.12 -1018.51
1860 7.14886e+06 2.54253e+07 3747.13 -1051.6
1920 7.37368e+06 2.53622e+07 3737.85 -1084.6
1980 7.59795e+06 2.52971e+07 3728.28 -1117.52
2040 7.82165e+06 2.52301e+07 3718.42 -1150.35
2100 8.04476e+06 2.51611e+07 3708.28 -1183.09
2160 8.26725e+06 2.50901e+07 3697.84 -1215.73
2220 8.48912e+06 2.50171e+07 3687.12 -1248.28
2280 8.71035e+06 2.49422e+07 3676.11 -1280.73
2340 8.93092e+06 2.48654e+07 3664.82 -1313.08
2400 9.15081e+06 2.47866e+07 3653.24 -1345.32
2460 9.37e+06 2.47059e+07 3641.37 -1377.46
2520 9.58848e+06 2.46232e+07 3629.23 -1409.49
2580 9.80624e+06 2.45387e+07 3616.8 -1441.4
2640 1.00232e+07 2.44522e+07 3604.1 -1473.21
2700 1.02395e+07 2.43638e+07 3591.11 -1504.89
2760 1.0455e+07 2.42735e+07 3577.85 -1536.46
2820 1.06696e+07 2.41813e+07 3564.3 -1567.9
2880 1.08835e+07 2.40872e+07 3550.49 -1599.23
2940 1.10965e+07 2.39913e+07 3536.39 -1630.42
3000 1.13087e+07 2.38935e+07 3522.03 -1661.49
3060 1.152e+07 2.37938e+07 3507.39 -1692.42
3120 1.17305e+07 2.36922e+07 3492.48 -1723.22
3180 1.194e+07 2.35888e+07 3477.3 -1753.89
3240 1.21487e+07 2.34836e+07 3461.85 -1784.41
3300 1.23564e+07 2.33765e+07 3446.13 -1814.8
3360 1.25631e+07 2.32676e+07 3430.15 -1845.04
3420 1.27689e+07 2.31569e+07 3413.9 -1875.14
3480 1.29738e+07 2.30444e+07 3397.39 -1905.08
3540 1.31776e+07 2.29301e+07 3380.61 -1934.88
3600 1.33805e+07 2.2814e+07 3363.58 -1964.53
3660 1.35823e+07 2.26962e+07 3346.29 -1994.02
3720 1.3783e+07 2.25765e+07 3328.73 -2023.35
3780 1.39828e+07 2.24551e+07 3310.92 -2052.53
3840 1.41814e+07 2.2332e+07 3292.86 -2081.54
3900 1.4379e+07 2.22071e+07 3274.54 -2110.39
3960 1.45755e+07 2.20804e+07 3255.97 -2139.07
4020 1.47708e+07 2.19521e+07 3237.16 -2167.58
4080 1.49651e+07 2.1822e+07 3218.09 -2195.92
4140 1.51581e+07 2.16903e+07 3198.77 -2224.09
4200 1.53501e+07 2.15568e+07 3179.21 -2252.09
4260 1.55408e+07 2.14217e+07 3159.4 -2279.91
4320 1.57304e+07 2.12849e+07 3139.35 -2307.54
4380 1.59187e+07 2.11465e+07 3119.07 -2335
4440 1.61059e+07 2.10064e+07 3098.54 -2362.27
4500 1.62918e+07 2.08646e+07 3077.77 -2389.36
4560 1.64765e+07 2.07213e+07 3056.77 -2416.26
4620 1.66599e+07 2.05763e+07 3035.53 -2442.97
4680 1.6842e+07 2.04297e+07 3014.07 -2469.49
4740 1.70229e+07 2.02816e+07 2992.37 -2495.81
4800 1.72024e+07 2.01318e+07 2970.44 -2521.94
4860 1.73806e+07 1.99805e+07 2948.29 -2547.87
4920 1.75575e+07 1.98276e+07 2925.91 -2573.59
4980 1.77331e+07 1.96732e+07 2903.31 -2599.12
5040 1.79073e+07 1.95173e+07 2880.48 -2624.44
5100 1.80801e+07 1.93598e+07 2857.44 -2649.56
5160 1.82515e+07 1.92008e+07 2834.18 -2674.47
5220 1.84216e+07 1.90403e+07 2810.7 -2699.17
5280 1.85902e+07 1.88784e+07 2787.01 -2723.66
5340 1.87575e+07 1.8715e+07 2763.11 -2747.93
5400 1.89232e+07 1.85501e+07 2739 -2771.99
5460 1.90876e+07 1.83838e+07 2714.68 -2795.83
5520 1.92505e+07 1.8216e+07 2690.16 -2819.46
5580 1.94119e+07 1.80469e+07 2665.43 -2842.86
5640 1.95718e+07 1.78763e+07 2640.5 -2866.04
5700 1.97302e+07 1.77043e+07 2615.37 -2888.99
5760 1.98872e+07 1.7531e+07 2590.04 -2911.72
5820 2.00426e+07 1.73563e+07 2564.52 -2934.22
5880 2.01964e+07 1.71802e+07 2538.8 -2956.49
5940 2.03488e+07 1.70028e+07 2512.89 -2978.53
6000 2.04995e+07 1.68241e+07 2486.8 -3000.34
6060 2.06487e+07 1.66441e+07 2460.51 -3021.92
6120 2.07964e+07 1.64628e+07 2434.04 -3043.25
6180 2.09424e+07 1.62802e+07 2407.39 -3064.35
6240 2.10869e+07 1.60963e+07 2380.56 -3085.21
6300 2.12297e+07 1.59112e+07 2353.55 -3105.83
6360 2.13709e+07 1.57249e+07 2326.36 -3126.21
6420 2.15105e+07 1.55373e+07 2299 -3146.34
6480 2.16484e+07 1.53485e+07 2271.47 -3166.23
6540 2.17847e+07 1.51585e+07 2243.77 -3185.87
6600 2.19193e+07 1.49674e+07 2215.9 -3205.27
6660 2.20523e+07 1.47751e+07 2187.87 -3224.41
6720 2.21836e+07 1.45816e+07 2159.68 -3243.3
6780 2.23131e+07 1.4387e+07 2131.32 -3261.94
6840 2.2441e+07 1.41913e+07 2102.81 -3280.33
6900 2.25672e+07 1.39945e+07 2074.14 -3298.46
6960 2.26916e+07 1.37966e+07 2045.32 -3316.33
7020 2.28144e+07 1.35976e+07 2016.34 -3333.95
7080 2.29353e+07 1.33976e+07 1987.22 -3351.31
7140 2.30546e+07 1.31965e+07 1957.96 -3368.41
7200 2.31721e+07 1.29944e+07 1928.54 -3385.24
7260 2.32878e+07 1.27913e+07 1898.99 -3401.82
7320 2.34017e+07 1.25872e+07 1869.3 -3418.13
7380 2.35139e+07 1.23821e+07 1839.47 -3434.17
7440 2.36242e+07 1.2176e+07 1809.51 -3449.95
7500 2.37328e+07 1.1969e+07 1779.42 -3465.46
7560 2.38396e+07 1.17611e+07 1749.2 -3480.7
7620 2.39445e+07 1.15522e+07 1718.85 -3495.68
7680 2.40476e+07 1.13425e+07 1688.38 -3510.38
7740 2.4149e+07 1.11319e+07 1657.78 -3524.81
7800 2.42484e+07 1.09204e+07 1627.07 -3538.97
7860 2.4346e+07 1.07081e+07 1596.24 -3552.86
7920 2.44418e+07 1.04949e+07 1565.29 -3566.47
7980 2.45357e+07 1.02809e+07 1534.24 -3579.8
8040 2.46278e+07 1.00661e+07 1503.07 -3592.86
8100 2.4718e+07 9.85054e+06 1471.8 -3605.65
8160 2.48063e+07 9.6342e+06 1440.42 -3618.15
8220 2.48927e+07 9.41711e+06 1408.95 -3630.38
8280 2.49772e+07 9.19929e+06 1377.37 -3642.32
8340 2.50599e+07 8.98075e+06 1345.7 -3653.99
8400 2.51406e+07 8.76151e+06 1313.93 -3665.38
8460 2.52195e+07 8.54158e+06 1282.07 -3676.48
8520 2.52964e+07 8.321e+06 1250.13 -3687.3
8580 2.53714e+07 8.09976e+06 1218.09 -3697.84
8640 2.54445e+07 7.87789e+06 1185.98 -3708.09
8700 2.55156e+07 7.6554e+06 1153.78 -3718.06
8760 2.55849e+07 7.43232e+06 1121.5 -3727.75
8820 2.56522e+07 7.20865e+06 1089.15 -3737.14
8880 2.57175e+07 6.98443e+06 1056.72 -3746.26
8940 2.57809e+07 6.75965e+06 1024.23 -3755.08
9000 2.58424e+07 6.53434e+06 991.664 -3763.62
9060 2.59019e+07 6.30853e+06 959.034 -3771.87
9120 2.59594e+07 6.08222e+06 926.342 -3779.84
9180 2.6015e+07 5.85542e+06 893.59 -3787.51
9240 2.60686e+07 5.62817e+06 860.78 -3794.9
9300 2.61202e+07 5.40048e+06 827.915 -3801.99
9360 2.61699e+07 5.17236e+06 794.998 -3808.8
9420 2.62176e+07 4.94383e+06 762.031 -3815.31
9480 2.62633e+07 4.71491e+06 729.017 -3821.54
9540 2.63071e+07 4.48562e+06 695.958 -3827.48
9600 2.63488e+07 4.25597e+06 662.858 -3833.12
9660 2.63886e+07 4.02599e+06 629.719 -3838.47
9720 2.64264e+07 3.79568e+06 596.542 -3843.53
9780 2.64622e+07 3.56507e+06 563.333 -3848.31
9840 2.6496e+07 3.33417e+06 530.091 -3852.78
9900 2.65278e+07 3.103e+06 496.821 -3856.97
9960 2.65576e+07 2.87158e+06 463.525 -3860.87
10020 2.65854e+07 2.63993e+06 430.206 -3864.47
10080 2.66112e+07 2.40806e+06 396.866 -3867.78
10140 2.6635e+07 2.176e+06 363.507 -3870.8
10200 2.66568e+07 1.94375e+06 330.134 -3873.53
10260 2.66767e+07 1.71134e+06 296.747 -3875.96
10320 2.66945e+07 1.47878e+06 263.35 -3878.1
10380 2.67103e+07 1.24609e+06 229.945 -3879.95
10440 2.67241e+07 1.01329e+06 196.535 -3881.51
10500 2.67359e+07 780404 163.123 -3882.78
10560 2.67456e+07 547438 129.711 -3883.75
10620 2.67534e+07 314412 96.3013 -3884.44
10680 2.67592e+07 81346 62.8973 -3884.83
10740 2.6763e+07 -151744 29.5013 -3884.93
10800 2.67647e+07 -384840 -3.88412 -3884.74
10860 2.67645e+07 -617924 -37.2564 -3884.26
10920 2.67623e+07 -850980 -70.613 -3883.49
10980 2.6758e+07 -1.08399e+06 -103.951 -3882.43
11040 2.67518e+07 -1.31694e+06 -137.268 -3881.08
11100 2.67436e+07 -1.5498e+06 -170.562 -3879.44
11160 2.67333e+07 -1.78257e+06 -203.83 -3877.52
11220 2.67211e+07 -2.01522e+06 -237.069 -3875.3
11280 2.67069e+07 -2.24774e+06 -270.277 -3872.79
11340 2.66907e+07 -2.4801e+06 -303.452 -3870
11400 2.66725e+07 -2.7123e+06 -336.59 -3866.92
11460 2.66523e+07 -2.94432e+06 -369.689 -3863.56
11520 2.66301e+07 -3.17613e+06 -402.747 -3859.9
11580 2.66059e+07 -3.40773e+06 -435.761 -3855.97
11640 2.65798e+07 -3.63909e+06 -468.729 -3851.74
11700 2.65516e+07 -3.87019e+06 -501.648 -3847.24
11760 2.65215e+07 -4.10102e+06 -534.516 -3842.45
11820 2.64895e+07 -4.33157e+06 -567.329 -3837.37
11880 2.64554e+07 -4.56181e+06 -600.087 -3832.01
11940 2.64194e+07 -4.79173e+06 -632.785 -3826.38
12000 2.63815e+07 -5.02132e+06 -665.423 -3820.46
12060 2.63415e+07 -5.25054e+06 -697.996 -3814.25
12120 2.62997e+07 -5.4794e+06 -730.504 -3807.77
12180 2.62558e+07 -5.70787e+06 -762.943 -3801.02
12240 2.621e+07 -5.93593e+06 -795.31 -3793.98
12300 2.61623e+07 -6.16356e+06 -827.605 -3786.66
12360 2.61127e+07 -6.39076e+06 -859.823 -3779.07
12420 2.60611e+07 -6.61751e+06 -891.963 -3771.21
12480 2.60076e+07 -6.84378e+06 -924.023 -3763.07
12540 2.59521e+07 -7.06957e+06 -955.999 -3754.65
12600 2.58948e+07 -7.29484e+06 -987.89 -3745.96
12660 2.58355e+07 -7.5196e+06 -1019.69 -3737
12720 2.57743e+07 -7.74382e+06 -1051.41 -3727.77
12780 2.57112e+07 -7.96749e+06 -1083.03 -3718.27
12840 2.56462e+07 -8.19059e+06 -1114.55 -3708.5
12900 2.55794e+07 -8.4131e+06 -1145.98 -3698.46
12960 2.55106e+07 -8.635e+06 -1177.31 -3688.16
13020 2.544e+07 -8.85629e+06 -1208.54 -3677.59
13080 2.53675e+07 -9.07695e+06 -1239.66 -3666.75
13140 2.52931e+07 -9.29695e+06 -1270.68 -3655.65
13200 2.52168e+07 -9.51629e+06 -1301.59 -3644.29
13260 2.51387e+07 -9.73495e+06 -1332.39 -3632.67
13320 2.50588e+07 -9.95291e+06 -1363.07 -3620.78
13380 2.4977e+07 -1.01702e+07 -1393.64 -3608.64
13440 2.48934e+07 -1.03867e+07 -1424.1 -3596.24
13500 2.4808e+07 -1.06024e+07 -1454.43 -3583.58
13560 2.47207e+07 -1.08175e+07 -1484.64 -3570.67
13620 2.46316e+07 -1.10317e+07 -1514.73 -3557.5
13680 2.45407e+07 -1.12452e+07 -1544.69 -3544.08
13740 2.4448e+07 -1.14578e+07 -1574.53 -3530.41
13800 2.43536e+07 -1.16696e+07 -1604.23 -3516.49
13860 2.42573e+07 -1.18806e+07 -1633.8 -3502.32
13920 2.41593e+07 -1.20908e+07 -1663.24 -3487.9
13980 2.40595e+07 -1.23e+07 -1692.54 -3473.23
14040 2.39579e+07 -1.25084e+07 -1721.7 -3458.32
14100 2.38546e+07 -1.27159e+07 -1750.72 -3443.17
14160 2.37496e+07 -1.29225e+07 -1779.6 -3427.77
14220 2.36428e+07 -1.31282e+07 -1808.33 -3412.14
14280 2.35343e+07 -1.33329e+07 -1836.92 -3396.26
14340 2.34241e+07 -1.35367e+07 -1865.36 -3380.15
14400 2.33122e+07 -1.37395e+07 -1893.64 -3363.8
14460 2.31986e+07 -1.39413e+07 -1921.78 -3347.22
14520 2.30833e+07 -1.41421e+07 -1949.76 -3330.4
14580 2.29663e+07 -1.4342e+07 -1977.59 -3313.35
14640 2.28476e+07 -1.45408e+07 -2005.25 -3296.08
14700 2.27273e+07 -1.47385e+07 -2032.76 -3278.57
14760 2.26053e+07 -1.49353e+07 -2060.1 -3260.83
14820 2.24817e+07 -1.51309e+07 -2087.28 -3242.87
14880 2.23565e+07 -1.53255e+07 -2114.3 -3224.69
14940 2.22296e+07 -1.5519e+07 -2141.14 -3206.29
15000 2.21012e+07 -1.57113e+07 -2167.82 -3187.66
15060 2.19711e+07 -1.59026e+07 -2194.33 -3168.82
15120 2.18394e+07 -1.60927e+07 -2220.66 -3149.75
15180 2.17062e+07 -1.62817e+07 -2246.82 -3130.48
15240 2.15714e+07 -1.64695e+07 -2272.8 -3110.99
15300 2.1435e+07 -1.66562e+07 -2298.61 -3091.28
15360 2.12971e+07 -1.68417e+07 -2324.23 -3071.37
15420 2.11577e+07 -1.7026e+07 -2349.68 -3051.25
15480 2.10167e+07 -1.7209e+07 -2374.94 -3030.92
15540 2.08742e+07 -1.73909e+07 -2400.01 -3010.38
15600 2.07302e+07 -1.75715e+07 -2424.9 -2989.64
15660 2.05847e+07 -1.77509e+07 -2449.6 -2968.71
15720 2.04377e+07 -1.7929e+07 -2474.11 -2947.57
15780 2.02893e+07 -1.81059e+07 -2498.43 -2926.23
15840 2.01394e+07 -1.82814e+07 -2522.56 -2904.7
15900 1.9988e+07 -1.84557e+07 -2546.49 -2882.97
15960 1.98352e+07 -1.86287e+07 -2570.23 -2861.05
16020 1.9681e+07 -1.88004e+07 -2593.77 -2838.94
16080 1.95254e+07 -1.89707e+07 -2617.11 -2816.64
16140 1.93683e+07 -1.91397e+07 -2640.26 -2794.15
16200 1.92099e+07 -1.93073e+07 -2663.2 -2771.48
16260 1.90501e+07 -1.94736e+07 -2685.93 -2748.62
16320 1.8889e+07 -1.96385e+07 -2708.47 -2725.59
16380 1.87265e+07 -1.98021e+07 -2730.79 -2702.37
16440 1.85626e+07 -1.99642e+07 -2752.91 -2678.98
16500 1.83975e+07 -2.0125e+07 -2774.82 -2655.41
16560 1.8231e+07 -2.02843e+07 -2796.53 -2631.67
16620 1.80632e+07 -2.04422e+07 -2818.02 -2607.76
16680 1.78941e+07 -2.05987e+07 -2839.29 -2583.67
16740 1.77237e+07 -2.07537e+07 -2860.36 -2559.42
16800 1.75521e+07 -2.09072e+07 -2881.21 -2535.01
16860 1.73792e+07 -2.10593e+07 -2901.84 -2510.43
16920 1.72051e+07 -2.121e+07 -2922.25 -2485.69
16980 1.70298e+07 -2.13591e+07 -2942.45 -2460.79
17040 1.68532e+07 -2.15068e+07 -2962.43 -2435.73
17100 1.66755e+07 -2.16529e+07 -2982.18 -2410.51
17160 1.64966e+07 -2.17975e+07 -3001.72 -2385.15
17220 1.63165e+07 -2.19406e+07 -3021.03 -2359.63
17280 1.61352e+07 -2.20822e+07 -3040.12 -2333.96
17340 1.59528e+07 -2.22223e+07 -3058.98 -2308.14
17400 1.57693e+07 -2.23607e+07 -3077.61 -2282.18
17460 1.55846e+07 -2.24977e+07 -3096.02 -2256.07
17520 1.53988e+07 -2.2633e+07 -3114.2 -2229.83
17580 1.5212e+07 -2.27668e+07 -3132.15 -2203.44
17640 1.50241e+07 -2.2899e+07 -3149.87 -2176.92
17700 1.48351e+07 -2.30296e+07 -3167.36 -2150.26
17760 1.4645e+07 -2.31587e+07 -3184.61 -2123.47
17820 1.44539e+07 -2.32861e+07 -3201.64 -2096.55
17880 1.42618e+07 -2.34119e+07 -3218.42 -2069.5
17940 1.40687e+07 -2.3536e+07 -3234.98 -2042.32
18000 1.38746e+07 -2.36586e+07 -3251.3 -2015.02
18060 1.36796e+07 -2.37795e+07 -3267.38 -1987.59
18120 1.34835e+07 -2.38987e+07 -3283.22 -1960.05
18180 1.32865e+07 -2.40163e+07 -3298.83 -1932.39
18240 1.30886e+07 -2.41323e+07 -3314.19 -1904.61
18300 1.28898e+07 -2.42466e+07 -3329.32 -1876.71
18360 1.269e+07 -2.43592e+07 -3344.2 -1848.71
18420 1.24893e+07 -2.44701e+07 -3358.85 -1820.59
18480 1.22878e+07 -2.45793e+07 -3373.25 -1792.37
18540 1.20854e+07 -2.46869e+07 -3387.41 -1764.04
18600 1.18822e+07 -2.47927e+07 -3401.33 -1735.61
18660 1.16781e+07 -2.48968e+07 -3415 -1707.08
18720 1.14732e+07 -2.49993e+07 -3428.43 -1678.45
18780 1.12675e+07 -2.51e+07 -3441.61 -1649.72
18840 1.1061e+07 -2.5199e+07 -3454.54 -1620.9
18900 1.08537e+07 -2.52962e+07 -3467.24 -1591.98
18960 1.06457e+07 -2.53917e+07 -3479.68 -1562.98
19020 1.04369e+07 -2.54855e+07 -3491.87 -1533.88
19080 1.02274e+07 -2.55775e+07 -3503.82 -1504.7
19140 1.00172e+07 -2.56678e+07 -3515.52 -1475.44
19200 9.80623e+06 -2.57563e+07 -3526.97 -1446.09
19260 9.59461e+06 -2.58431e+07 -3538.17 -1416.66
19320 9.38232e+06 -2.59281e+07 -3549.12 -1387.16
19380 9.16937e+06 -2.60113e+07 -3559.83 -1357.58
19440 8.95578e+06 -2.60928e+07 -3570.28 -1327.93
19500 8.74156e+06 -2.61725e+07 -3580.48 -1298.21
19560 8.52674e+06 -2.62504e+07 -3590.42 -1268.42
19620 8.31131e+06 -2.63265e+07 -3600.12 -1238.56
19680 8.0953e+06 -2.64008e+07 -3609.57 -1208.64
19740 7.87873e+06 -2.64733e+07 -3618.76 -1178.65
19800 7.6616e+06 -2.6544e+07 -3627.7 -1148.61
19860 7.44394e+06 -2.66129e+07 -3636.38 -1118.5
19920 7.22576e+06 -2.668e+07 -3644.82 -1088.34
19980 7.00707e+06 -2.67453e+07 -3653 -1058.13
20040 6.78789e+06 -2.68088e+07 -3660.93 -1027.86
20100 6.56823e+06 -2.68705e+07 -3668.6 -997.551
20160 6.34812e+06 -2.69304e+07 -3676.02 -967.189
20220 6.12756e+06 -2.69884e+07 -3683.18 -936.783
20280 5.90657e+06 -2.70446e+07 -3690.09 -906.333
20340 5.68516e+06 -2.7099e+07 -3696.75 -875.843
20400 5.46336e+06 -2.71515e+07 -3703.15 -845.314
20460 5.24117e+06 -2.72022e+07 -3709.3 -814.748
20520 5.01861e+06 -2.72511e+07 -3715.2 -784.148
20580 4.7957e+06 -2.72982e+07 -3720.84 -753.516
20640 4.57245e+06 -2.73434e+07 -3726.22 -722.853
20700 4.34887e+06 -2.73868e+07 -3731.35 -692.162
20760 4.12499e+06 -2.74283e+07 -3736.23 -661.445
20820 3.90082e+06 -2.7468e+07 -3740.85 -630.705
20880 3.67637e+06 -2.75058e+07 -3745.21 -599.943
20940 3.45165e+06 -2.75418e+07 -3749.33 -569.161
21000 3.22669e+06 -2.7576e+07 -3753.18 -538.361
21060 3.0015e+06 -2.76083e+07 -3756.79 -507.547
21120 2.7761e+06 -2.76387e+07 -3760.14 -476.719
21180 2.55049e+06 -2.76673e+07 -3763.23 -445.879
21240 2.32469e+06 -2.76941e+07 -3766.07 -415.031
21300 2.09873e+06 -2.7719e+07 -3768.66 -384.176
21360 1.87261e+06 -2.7742e+07 -3771 -353.315
21420 1.64635e+06 -2.77632e+07 -3773.08 -322.452
21480 1.41997e+06 -2.77826e+07 -3774.91 -291.588
21540 1.19347e+06 -2.78001e+07 -3776.48 -260.725
21600 966882 -2.78157e+07 -3777.81 -229.866
21660 740214 -2.78295e+07 -3778.88 -199.012
21720 513481 -2.78414e+07 -3779.69 -168.165
21780 286700 -2.78515e+07 -3780.26 -137.328
21840 59884.1 -2.78598e+07 -3780.58 -106.503
21900 -166950 -2.78662e+07 -3780.64 -75.6906
21960 -393789 -2.78707e+07 -3780.45 -44.8941
22020 -620616 -2.78734e+07 -3780.02 -14.1152
22080 -847417 -2.78742e+07 -3779.33 16.6441
22140 -1.07418e+06 -2.78732e+07 -3778.39 47.3817
22200 -1.30088e+06 -2.78704e+07 -3777.21 78.0957
22260 -1.52751e+06 -2.78657e+07 -3775.77 108.784
22320 -1.75406e+06 -2.78592e+07 -3774.09 139.445
22380 -1.9805e+06 -2.78508e+07 -3772.16 170.076
22440 -2.20683e+06 -2.78406e+07 -3769.98 200.676
22500 -2.43303e+06 -2.78286e+07 -3767.56 231.242
22560 -2.65909e+06 -2.78147e+07 -3764.89 261.773
22620 -2.88498e+06 -2.7799e+07 -3761.97 292.266
22680 -3.1107e+06 -2.77815e+07 -3758.81 322.72
22740 -3.33623e+06 -2.77621e+07 -3755.4 353.132
22800 -3.56155e+06 -2.77409e+07 -3751.75 383.501
22860 -3.78666e+06 -2.77179e+07 -3747.85 413.825
22920 -4.01153e+06 -2.76931e+07 -3743.72 444.102
22980 -4.23615e+06 -2.76664e+07 -3739.33 474.33
23040 -4.46051e+06 -2.7638e+07 -3734.71 504.507
23100 -4.68459e+06 -2.76077e+07 -3729.85 534.632
23160 -4.90838e+06 -2.75756e+07 -3724.74 564.701
23220 -5.13187e+06 -2.75417e+07 -3719.4 594.714
23280 -5.35503e+06 -2.75061e+07 -3713.82 624.669
23340 -5.57786e+06 -2.74686e+07 -3707.99 654.563
23400 -5.80034e+06 -2.74293e+07 -3701.94 684.395
23460 -6.02246e+06 -2.73882e+07 -3695.64 714.163
23520 -6.2442e+06 -2.73454e+07 -3689.11 743.865
23580 -6.46554e+06 -2.73008e+07 -3682.34 773.5
23640 -6.68648e+06 -2.72543e+07 -3675.33 803.065
23700 -6.907e+06 -2.72062e+07 -3668.09 832.559
23760 -7.12709e+06 -2.71562e+07 -3660.62 861.98
23820 -7.34672e+06 -2.71045e+07 -3652.92 891.326
23880 -7.5659e+06 -2.7051e+07 -3644.98 920.595
23940 -7.7846e+06 -2.69958e+07 -3636.82 949.786
24000 -8.00281e+06 -2.69388e+07 -3628.42 978.896
24060 -8.22051e+06 -2.68801e+07 -3619.8 1007.93
24120 -8.4377e+06 -2.68196e+07 -3610.94 1036.87
24180 -8.65436e+06 -2.67574e+07 -3601.86 1065.73
24240 -8.87047e+06 -2.66934e+07 -3592.55 1094.5
24300 -9.08602e+06 -2.66278e+07 -3583.02 1123.19
24360 -9.301e+06 -2.65604e+07 -3573.26 1151.78
24420 -9.5154e+06 -2.64913e+07 -3563.28 1180.28
24480 -9.7292e+06 -2.64204e+07 -3553.07 1208.69
24540 -9.94238e+06 -2.63479e+07 -3542.65 1237
24600 -1.01549e+07 -2.62737e+07 -3532 1265.21
24660 -1.03669e+07 -2.61978e+07 -3521.13 1293.33
24720 -1.05781e+07 -2.61202e+07 -3510.04 1321.34
24780 -1.07887e+07 -2.60409e+07 -3498.74 1349.25
24840 -1.09987e+07 -2.59599e+07 -3487.21 1377.06
24900 -1.12079e+07 -2.58773e+07 -3475.47 1404.76
24960 -1.14164e+07 -2.5793e+07 -3463.52 1432.36
25020 -1.16242e+07 -2.57071e+07 -3451.35 1459.85
25080 -1.18313e+07 -2.56195e+07 -3438.97 1487.22
25140 -1.20376e+07 -2.55303e+07 -3426.38 1514.49
25200 -1.22432e+07 -2.54394e+07 -3413.58 1541.64
25260 -1.2448e+07 -2.53469e+07 -3400.56 1568.68
25320 -1.26521e+07 -2.52528e+07 -3387.34 1595.6
25380 -1.28553e+07 -2.5157e+07 -3373.91 1622.4
25440 -1.30578e+07 -2.50597e+07 -3360.27 1649.08
25500 -1.32594e+07 -2.49608e+07 -3346.43 1675.64
25560 -1.34602e+07 -2.48602e+07 -3332.38 1702.08
25620 -1.36601e+07 -2.47581e+07 -3318.14 1728.39
25680 -1.38592e+07 -2.46544e+07 -3303.68 1754.58
25740 -1.40574e+07 -2.45491e+07 -3289.03 1780.64
25800 -1.42547e+07 -2.44423e+07 -3274.18 1806.58
25860 -1.44512e+07 -2.43339e+07 -3259.13 1832.38
25920 -1.46467e+07 -2.42239e+07 -3243.88 1858.05
25980 -1.48414e+07 -2.41125e+07 -3228.44 1883.59
26040 -1.50351e+07 -2.39994e+07 -3212.8 1909
26100 -1.52279e+07 -2.38849e+07 -3196.97 1934.27
26160 -1.54197e+07 -2.37688e+07 -3180.94 1959.4
26220 -1.56105e+07 -2.36513e+07 -3164.73 1984.39
26280 -1.58004e+07 -2.35322e+07 -3148.32 2009.25
26340 -1.59893e+07 -2.34117e+07 -3131.72 2033.96
26400 -1.61772e+07 -2.32896e+07 -3114.94 2058.53
26460 -1.63641e+07 -2.31661e+07 -3097.97 2082.96
26520 -1.655e+07 -2.30411e+07 -3080.82 2107.24
26580 -1.67348e+07 -2.29147e+07 -3063.48 2131.38
26640 -1.69186e+07 -2.27868e+07 -3045.96 2155.36
26700 -1.71014e+07 -2.26575e+07 -3028.26 2179.2
26760 -1.72831e+07 -2.25267e+07 -3010.38 2202.89
26820 -1.74637e+07 -2.23946e+07 -2992.32 2226.43
26880 -1.76433e+07 -2.2261e+07 -2974.08 2249.81
26940 -1.78217e+07 -2.2126e+07 -2955.67 2273.04
27000 -1.7999e+07 -2.19896e+07 -2937.08 2296.12
27060 -1.81753e+07 -2.18518e+07 -2918.32 2319.03
27120 -1.83504e+07 -2.17127e+07 -2899.39 2341.79
27180 -1.85243e+07 -2.15722e+07 -2880.29 2364.4
27240 -1.86972e+07 -2.14303e+07 -2861.01 2386.84
27300 -1.88688e+07 -2.12871e+07 -2841.57 2409.12
27360 -1.90393e+07 -2.11426e+07 -2821.97 2431.23
27420 -1.92086e+07 -2.09967e+07 -2802.2 2453.19
27480 -1.93768e+07 -2.08495e+07 -2782.26 2474.98
27540 -1.95437e+07 -2.0701e+07 -2762.16 2496.6
27600 -1.97094e+07 -2.05512e+07 -2741.9 2518.06
27660 -1.98739e+07 -2.04001e+07 -2721.49 2539.34
27720 -2.00372e+07 -2.02478e+07 -2700.91 2560.46
27780 -2.01993e+07 -2.00941e+07 -2680.18 2581.41
27840 -2.03601e+07 -1.99393e+07 -2659.29 2602.19
27900 -2.05196e+07 -1.97831e+07 -2638.25 2622.79
27960 -2.06779e+07 -1.96258e+07 -2617.06 2643.22
28020 -2.0835e+07 -1.94672e+07 -2595.71 2663.48
28080 -2.09907e+07 -1.93074e+07 -2574.22 2683.56
28140 -2.11452e+07 -1.91463e+07 -2552.58 2703.47
28200 -2.12983e+07 -1.89841e+07 -2530.79 2723.19
28260 -2.14502e+07 -1.88207e+07 -2508.85 2742.74
28320 -2.16007e+07 -1.86562e+07 -2486.78 2762.11
28380 -2.17499e+07 -1.84905e+07 -2464.56 2781.3
28440 -2.18978e+07 -1.83236e+07 -2442.2 2800.31
28500 -2.20443e+07 -1.81556e+07 -2419.7 2819.13
28560 -2.21895e+07 -1.79864e+07 -2397.06 2837.78
28620 -2.23333e+07 -1.78161e+07 -2374.29 2856.23
28680 -2.24758e+07 -1.76448e+07 -2351.38 2874.51
28740 -2.26169e+07 -1.74723e+07 -2328.34 2892.59
28800 -2.27566e+07 -1.72987e+07 -2305.17 2910.49
28860 -2.28949e+07 -1.71241e+07 -2281.87 2928.21
28920 -2.30318e+07 -1.69484e+07 -2258.44 2945.73
28980 -2.31673e+07 -1.67717e+07 -2234.88 2963.06
29040 -2.33014e+07 -1.65939e+07 -2211.19 2980.21
29100 -2.3434e+07 -1.64151e+07 -2187.39 2997.16
29160 -2.35653e+07 -1.62353e+07 -2163.46 3013.92
29220 -2.36951e+07 -1.60544e+07 -2139.41 3030.49
29280 -2.38235e+07 -1.58726e+07 -2115.24 3046.87
29340 -2.39504e+07 -1.56898e+07 -2090.95 3063.05
29400 -2.40758e+07 -1.5506e+07 -2066.54 3079.03
29460 -2.41998e+07 -1.53213e+07 -2042.02 3094.82
29520 -2.43223e+07 -1.51356e+07 -2017.39 3110.42
29580 -2.44434e+07 -1.49489e+07 -1992.65 3125.81
29640 -2.45629e+07 -1.47614e+07 -1967.8 3141.01
29700 -2.4681e+07 -1.45729e+07 -1942.83 3156.01
29760 -2.47976e+07 -1.43836e+07 -1917.76 3170.81
29820 -2.49127e+07 -1.41933e+07 -1892.59 3185.42
29880 -2.50262e+07 -1.40022e+07 -1867.31 3199.82
29940 -2.51382e+07 -1.38102e+07 -1841.93 3214.02
30000 -2.52488e+07 -1.36174e+07 -1816.45 3228.01
30060 -2.53577e+07 -1.34237e+07 -1790.87 3241.81
30120 -2.54652e+07 -1.32292e+07 -1765.19 3255.4
30180 -2.55711e+07 -1.30338e+07 -1739.42 3268.79
30240 -2.56755e+07 -1.28377e+07 -1713.55 3281.97
30300 -2.57783e+07 -1.26408e+07 -1687.59 3294.95
30360 -2.58795e+07 -1.24431e+07 -1661.54 3307.73
30420 -2.59792e+07 -1.22446e+07 -1635.4 3320.29
30480 -2.60774e+07 -1.20454e+07 -1609.17 3332.65
30540 -2.61739e+07 -1.18455e+07 -1582.86 3344.81
30600 -2.62689e+07 -1.16448e+07 -1556.46 3356.76
30660 -2.63623e+07 -1.14434e+07 -1529.98 3368.49
30720 -2.64541e+07 -1.12413e+07 -1503.41 3380.02
30780 -2.65443e+07 -1.10385e+07 -1476.77 3391.34
30840 -2.66329e+07 -1.0835e+07 -1450.05 3402.46
30900 -2.67199e+07 -1.06308e+07 -1423.25 3413.36
30960 -2.68053e+07 -1.0426e+07 -1396.38 3424.05
31020 -2.68891e+07 -1.02206e+07 -1369.43 3434.53
31080 -2.69712e+07 -1.00145e+07 -1342.42 3444.8
31140 -2.70518e+07 -9.80783e+06 -1315.33 3454.85
31200 -2.71307e+07 -9.60054e+06 -1288.17 3464.7
31260 -2.7208e+07 -9.39266e+06 -1260.95 3474.33
31320 -2.72836e+07 -9.1842e+06 -1233.66 3483.75
31380 -2.73577e+07 -8.97517e+06 -1206.31 3492.96
31440 -2.743e+07 -8.76559e+06 -1178.9 3501.95
31500 -2.75008e+07 -8.55548e+06 -1151.43 3510.73
31560 -2.75699e+07 -8.34483e+06 -1123.89 3519.29
31620 -2.76373e+07 -8.13367e+06 -1096.31 3527.64
31680 -2.77031e+07 -7.92202e+06 -1068.66 3535.78
31740 -2.77672e+07 -7.70987e+06 -1040.96 3543.7
31800 -2.78296e+07 -7.49725e+06 -1013.21 3551.4
31860 -2.78904e+07 -7.28416e+06 -985.414 3558.89
31920 -2.79496e+07 -7.07063e+06 -957.565 3566.17
31980 -2.8007e+07 -6.85666e+06 -929.669 3573.22
32040 -2.80628e+07 -6.64227e+06 -901.728 3580.06
32100 -2.81169e+07 -6.42746e+06 -873.743 3586.69
32160 -2.81693e+07 -6.21226e+06 -845.715 3593.09
32220 -2.82201e+07 -5.99668e+06 -817.647 3599.28
32280 -2.82691e+07 -5.78072e+06 -789.54 3605.25
32340 -2.83165e+07 -5.5644e+06 -761.395 3611.01
32400 -2.83622e+07 -5.34774e+06 -733.215 3616.55
32460 -2.84062e+07 -5.13075e+06 -705.001 3621.87
32520 -2.84485e+07 -4.91344e+06 -676.755 3626.97
32580 -2.84891e+07 -4.69582e+06 -648.477 3631.85
32640 -2.8528e+07 -4.47791e+06 -620.171 3636.52
32700 -2.85652e+07 -4.25972e+06 -591.837 3640.96
32760 -2.86007e+07 -4.04126e+06 -563.478 3645.19
32820 -2.86345e+07 -3.82255e+06 -535.094 3649.2
32880 -2.86666e+07 -3.6036e+06 -506.687 3652.99
32940 -2.8697e+07 -3.38442e+06 -478.26 3656.57
33000 -2.87257e+07 -3.16502e+06 -449.813 3659.92
33060 -2.87527e+07 -2.94543e+06 -421.349 3663.06
33120 -2.8778e+07 -2.72564e+06 -392.869 3665.98
33180 -2.88016e+07 -2.50569e+06 -364.374 3668.67
33240 -2.88234e+07 -2.28557e+06 -335.867 3671.15
33300 -2.88436e+07 -2.0653e+06 -307.348 3673.42
33360 -2.8862e+07 -1.84489e+06 -278.82 3675.46
33420 -2.88788e+07 -1.62436e+06 -250.284 3677.28
33480 -2.88938e+07 -1.40373e+06 -221.742 3678.89
33540 -2.89071e+07 -1.18299e+06 -193.195 3680.27
33600 -2.89187e+07 -962177 -164.645 3681.44
33660 -2.89285e+07 -741290 -136.093 3682.39
33720 -2.89367e+07 -520347 -107.542 3683.12
33780 -2.89432e+07 -299359 -78.9932 3683.64
33840 -2.89479e+07 -78340.9 -50.4475 3683.93
33900 -2.89509e+07 142695 -21.9068 3684.01
33960 -2.89522e+07 363736 6.62716 3683.87
34020 -2.89518e+07 584768 35.1528 3683.51
34080 -2.89497e+07 805779 63.6686 3682.94
34140 -2.89459e+07 1.02675e+06 92.1728 3682.14
34200 -2.89404e+07 1.24768e+06 120.664 3681.13
34260 -2.89331e+07 1.46855e+06 149.14 3679.9
34320 -2.89242e+07 1.68935e+06 177.6 3678.46
34380 -2.89135e+07 1.91005e+06 206.042 3676.8
34440 -2.89012e+07 2.13066e+06 234.465 3674.92
34500 -2.88871e+07 2.35116e+06 262.867 3672.83
34560 -2.88713e+07 2.57153e+06 291.245 3670.52
34620 -2.88539e+07 2.79176e+06 319.6 3667.99
34680 -2.88347e+07 3.01184e+06 347.928 3665.25
34740 -2.88138e+07 3.23175e+06 376.23 3662.3
34800 -2.87912e+07 3.45149e+06 404.502 3659.12
34860 -2.8767e+07 3.67104e+06 432.743 3655.74
34920 -2.8741e+07 3.89038e+06 460.952 3652.14
34980 -2.87133e+07 4.10951e+06 489.128 3648.33
35040 -2.8684e+07 4.32841e+06 517.268 3644.3
35100 -2.8653e+07 4.54707e+06 545.371 3640.06
35160 -2.86202e+07 4.76547e+06 573.436 3635.6
35220 -2.85858e+07 4.98361e+06 601.461 3630.94
35280 -2.85497e+07 5.20146e+06 629.444 3626.06
35340 -2.8512e+07 5.41903e+06 657.384 3620.97
35400 -2.84725e+07 5.63628e+06 685.279 3615.67
35460 -2.84314e+07 5.85323e+06 713.128 3610.16
35520 -2.83886e+07 6.06983e+06 740.93 3604.43
35580 -2.83442e+07 6.2861e+06 768.682 3598.5
35640 -2.82981e+07 6.50201e+06 796.383 3592.36
35700 -2.82503e+07 6.71755e+06 824.032 3586
35760 -2.82008e+07 6.93271e+06 851.627 3579.44
35820 -2.81497e+07 7.14748e+06 879.166 3572.67
35880 -2.8097e+07 7.36184e+06 906.648 3565.7
35940 -2.80426e+07 7.57578e+06 934.072 3558.51
36000 -2.79865e+07 7.78929e+06 961.436 3551.12
36060 -2.79289e+07 8.00236e+06 988.739 3543.52
36120 -2.78695e+07 8.21497e+06 1015.98 3535.72
36180 -2.78086e+07 8.42711e+06 1043.15 3527.71
36240 -2.7746e+07 8.63877e+06 1070.26 3519.49
36300 -2.76818e+07 8.84994e+06 1097.3 3511.07
36360 -2.76159e+07 9.06061e+06 1124.28 3502.45
36420 -2.75485e+07 9.27076e+06 1151.18 3493.62
36480 -2.74794e+07 9.48037e+06 1178.01 3484.6
36540 -2.74087e+07 9.68945e+06 1204.76 3475.36
36600 -2.73364e+07 9.89797e+06 1231.45 3465.93
36660 -2.72625e+07 1.01059e+07 1258.05 3456.3
36720 -2.71871e+07 1.03133e+07 1284.58 3446.47
36780 -2.711e+07 1.05201e+07 1311.03 3436.44
36840 -2.70313e+07 1.07263e+07 1337.39 3426.2
36900 -2.69511e+07 1.09319e+07 1363.68 3415.77
36960 -2.68693e+07 1.11368e+07 1389.88 3405.15
37020 -2.67859e+07 1.13411e+07 1416 3394.32
37080 -2.67009e+07 1.15448e+07 1442.03 3383.3
37140 -2.66144e+07 1.17478e+07 1467.97 3372.09
37200 -2.65263e+07 1.19501e+07 1493.82 3360.68
37260 -2.64367e+07 1.21517e+07 1519.59 3349.07
37320 -2.63455e+07 1.23527e+07 1545.26 3337.27
37380 -2.62528e+07 1.25529e+07 1570.83 3325.28
37440 -2.61585e+07 1.27524e+07 1596.31 3313.1
37500 -2.60628e+07 1.29512e+07 1621.7 3300.72
37560 -2.59655e+07 1.31493e+07 1646.99 3288.16
37620 -2.58666e+07 1.33465e+07 1672.17 3275.4
37680 -2.57663e+07 1.35431e+07 1697.26 3262.46
37740 -2.56645e+07 1.37388e+07 1722.25 3249.33
37800 -2.55611e+07 1.39338e+07 1747.13 3236.01
37860 -2.54563e+07 1.41279e+07 1771.91 3222.5
37920 -2.535e+07 1.43213e+07 1796.58 3208.81
37980 -2.52422e+07 1.45138e+07 1821.14 3194.93
38040 -2.51329e+07 1.47055e+07 1845.6 3180.87
38100 -2.50222e+07 1.48964e+07 1869.94 3166.63
38160 -2.491e+07 1.50864e+07 1894.18 3152.2
38220 -2.47964e+07 1.52755e+07 1918.3 3137.6
38280 -2.46813e+07 1.54638e+07 1942.31 3122.81
38340 -2.45647e+07 1.56511e+07 1966.2 3107.84
38400 -2.44467e+07 1.58376e+07 1989.98 3092.69
38460 -2.43273e+07 1.60232e+07 2013.63 3077.37
38520 -2.42065e+07 1.62078e+07 2037.17 3061.86
38580 -2.40843e+07 1.63915e+07 2060.59 3046.18
38640 -2.39607e+07 1.65743e+07 2083.89 3030.33
38700 -2.38356e+07 1.67561e+07 2107.06 3014.3
38760 -2.37092e+07 1.6937e+07 2130.11 2998.1
38820 -2.35814e+07 1.71168e+07 2153.03 2981.73
38880 -2.34522e+07 1.72957e+07 2175.83 2965.18
38940 -2.33217e+07 1.74737e+07 2198.5 2948.46
39000 -2.31898e+07 1.76506e+07 2221.04 2931.58
39060 -2.30565e+07 1.78265e+07 2243.44 2914.52
39120 -2.29219e+07 1.80013e+07 2265.72 2897.3
39180 -2.27859e+07 1.81752e+07 2287.86 2879.91
39240 -2.26487e+07 1.8348e+07 2309.87 2862.36
39300 -2.25101e+07 1.85197e+07 2331.75 2844.64
39360 -2.23702e+07 1.86904e+07 2353.48 2826.76
39420 -2.2229e+07 1.886e+07 2375.08 2808.71
39480 -2.20865e+07 1.90285e+07 2396.54 2790.51
39540 -2.19427e+07 1.91959e+07 2417.86 2772.14
39600 -2.17976e+07 1.93623e+07 2439.04 2753.61
39660 -2.16513e+07 1.95275e+07 2460.08 2734.93
39720 -2.15036e+07 1.96916e+07 2480.97 2716.09
39780 -2.13548e+07 1.98545e+07 2501.72 2697.09
39840 -2.12047e+07 2.00164e+07 2522.32 2677.94
39900 -2.10533e+07 2.0177e+07 2542.78 2658.63
39960 -2.09008e+07 2.03366e+07 2563.08 2639.17
40020 -2.0747e+07 2.04949e+07 2583.24 2619.56
40080 -2.0592e+07 2.06521e+07 2603.25 2599.8
40140 -2.04358e+07 2.08081e+07 2623.1 2579.88
40200 -2.02784e+07 2.09629e+07 2642.8 2559.82
40260 -2.01199e+07 2.11165e+07 2662.35 2539.62
40320 -1.99601e+07 2.12688e+07 2681.75 2519.26
40380 -1.97992e+07 2.142e+07 2700.98 2498.77
40440 -1.96371e+07 2.15699e+07 2720.07 2478.13
40500 -1.94739e+07 2.17186e+07 2738.99 2457.34
40560 -1.93096e+07 2.1866e+07 2757.75 2436.42
40620 -1.91441e+07 2.20122e+07 2776.36 2415.35
40680 -1.89776e+07 2.21572e+07 2794.8 2394.15
40740 -1.88099e+07 2.23008e+07 2813.08 2372.81
40800 -1.86411e+07 2.24432e+07 2831.2 2351.33
40860 -1.84712e+07 2.25842e+07 2849.15 2329.71
40920 -1.83003e+07 2.2724e+07 2866.94 2307.97
40980 -1.81282e+07 2.28625e+07 2884.56 2286.09
41040 -1.79552e+07 2.29997e+07 2902.02 2264.07
41100 -1.77811e+07 2.31355e+07 2919.31 2241.93
41160 -1.76059e+07 2.327e+07 2936.43 2219.66
41220 -1.74297e+07 2.34032e+07 2953.37 2197.26
41280 -1.72525e+07 2.3535e+07 2970.15 2174.74
41340 -1.70743e+07 2.36655e+07 2986.76 2152.09
41400 -1.68951e+07 2.37947e+07 3003.19 2129.31
41460 -1.67149e+07 2.39224e+07 3019.45 2106.41
41520 -1.65337e+07 2.40488e+07 3035.54 2083.4
41580 -1.63516e+07 2.41738e+07 3051.45 2060.26
41640 -1.61685e+07 2.42974e+07 3067.18 2037
41700 -1.59845e+07 2.44196e+07 3082.73 2013.62
41760 -1.57995e+07 2.45405e+07 3098.11 1990.13
41820 -1.56136e+07 2.46599e+07 3113.31 1966.53
41880 -1.54268e+07 2.47779e+07 3128.33 1942.81
41940 -1.52391e+07 2.48944e+07 3143.17 1918.98
42000 -1.50505e+07 2.50096e+07 3157.83 1895.04
42060 -1.48611e+07 2.51233e+07 3172.3 1870.99
42120 -1.46707e+07 2.52355e+07 3186.6 1846.83
42180 -1.44795e+07 2.53463e+07 3200.7 1822.56
42240 -1.42875e+07 2.54557e+07 3214.63 1798.19
42300 -1.40946e+07 2.55636e+07 3228.37 1773.72
42360 -1.39009e+07 2.567e+07 3241.92 1749.14
42420 -1.37064e+07 2.5775e+07 3255.28 1724.46
42480 -1.35111e+07 2.58784e+07 3268.46 1699.69
42540 -1.3315e+07 2.59804e+07 3281.45 1674.81
42600 -1.31181e+07 2.60809e+07 3294.25 1649.84
42660 -1.29204e+07 2.61799e+07 3306.86 1624.77
42720 -1.2722e+07 2.62774e+07 3319.28 1599.61
42780 -1.25229e+07 2.63733e+07 3331.51 1574.36
42840 -1.2323e+07 2.64678e+07 3343.55 1549.01
42900 -1.21224e+07 2.65607e+07 3355.39 1523.58
42960 -1.1921e+07 2.66522e+07 3367.04 1498.05
43020 -1.1719e+07 2.6742e+07 3378.5 1472.44
43080 -1.15163e+07 2.68304e+07 3389.76 1446.75
43140 -1.13129e+07 2.69172e+07 3400.83 1420.97
43200 -1.11089e+07 2.70025e+07 3411.7 1395.11
43260 -1.09042e+07 2.70862e+07 3422.37 1369.16
43320 -1.06988e+07 2.71683e+07 3432.85 1343.14
43380 -1.04929e+07 2.72489e+07 3443.13 1317.04
43440 -1.02863e+07 2.73279e+07 3453.21 1290.87
43500 -1.00791e+07 2.74054e+07 3463.09 1264.62
43560 -9.87129e+06 2.74813e+07 3472.78 1238.29
43620 -9.66293e+06 2.75555e+07 3482.26 1211.89
43680 -9.45399e+06 2.76283e+07 3491.54 1185.43
43740 -9.2445e+06 2.76994e+07 3500.63 1158.89
43800 -9.03446e+06 2.77689e+07 3509.51 1132.29
43860 -8.82389e+06 2.78369e+07 3518.18 1105.62
43920 -8.6128e+06 2.79032e+07 3526.66 1078.88
43980 -8.4012e+06 2.79679e+07 3534.93 1052.09
44040 -8.1891e+06 2.80311e+07 3543 1025.23
44100 -7.97652e+06 2.80926e+07 3550.87 998.309
44160 -7.76347e+06 2.81525e+07 3558.53 971.333
44220 -7.54996e+06 2.82107e+07 3565.99 944.299
44280 -7.336e+06 2.82674e+07 3573.24 917.211
44340 -7.12161e+06 2.83224e+07 3580.29 890.068
44400 -6.90679e+06 2.83758e+07 3587.13 862.874
44460 -6.69156e+06 2.84276e+07 3593.76 835.629
44520 -6.47594e+06 2.84777e+07 3600.19 808.335
44580 -6.25992e+06 2.85262e+07 3606.4 780.993
44640 -6.04354e+06 2.85731e+07 3612.42 753.606
44700 -5.82679e+06 2.86183e+07 3618.22 726.174
44760 -5.6097e+06 2.86619e+07 3623.82 698.7
44820 -5.39227e+06 2.87038e+07 3629.2 671.184
44880 -5.17452e+06 2.87441e+07 3634.38 643.629
44940 -4.95646e+06 2.87827e+07 3639.35 616.035
45000 -4.7381e+06 2.88197e+07 3644.11 588.405
45060 -4.51945e+06 2.8855e+07 3648.66 560.741
45120 -4.30053e+06 2.88886e+07 3653 533.043
45180 -4.08135e+06 2.89206e+07 3657.13 505.313
45240 -3.86192e+06 2.89509e+07 3661.05 477.553
45300 -3.64226e+06 2.89796e+07 3664.76 449.764
45360 -3.42237e+06 2.90066e+07 3668.26 421.949
45420 -3.20228e+06 2.90319e+07 3671.54 394.108
45480 -2.98199e+06 2.90555e+07 3674.62 366.244
45540 -2.76151e+06 2.90775e+07 3677.48 338.357
45600 -2.54086e+06 2.90978e+07 3680.14 310.45
45660 -2.32005e+06 2.91164e+07 3682.58 282.524
45720 -2.0991e+06 2.91334e+07 3684.8 254.581
45780 -1.87801e+06 2.91487e+07 3686.82 226.621
45840 -1.6568e+06 2.91622e+07 3688.63 198.648
45900 -1.43548e+06 2.91742e+07 3690.22 170.662
45960 -1.21407e+06 2.91844e+07 3691.6 142.666
46020 -992572 2.9193e+07 3692.76 114.66
46080 -771006 2.91998e+07 3693.72 86.6459
46140 -549383 2.9205e+07 3694.46 58.6262
46200 -327716 2.92086e+07 3694.99 30.602
46260 -106016 2.92104e+07 3695.31 2.57498
46320 115702 2.92106e+07 3695.41 -25.4532
46380 337427 2.9209e+07 3695.3 -53.4811
46440 559145 2.92058e+07 3694.98 -81.5069
46500 780843 2.92009e+07 3694.44 -109.529
46560 1.00251e+06 2.91944e+07 3693.7 -137.546
46620 1.22413e+06 2.91861e+07 3692.74 -165.556
46680 1.4457e+06 2.91762e+07 3691.56 -193.558
46740 1.66719e+06 2.91646e+07 3690.18 -221.549
46800 1.8886e+06 2.91513e+07 3688.58 -249.529
46860 2.10992e+06 2.91363e+07 3686.77 -277.495
46920 2.33112e+06 2.91196e+07 3684.75 -305.446
46980 2.55221e+06 2.91013e+07 3682.52 -333.381
47040 2.77316e+06 2.90813e+07 3680.07 -361.298
47100 2.99396e+06 2.90596e+07 3677.41 -389.195
47160 3.21461e+06 2.90363e+07 3674.54 -417.07
47220 3.43508e+06 2.90113e+07 3671.46 -444.922
47280 3.65537e+06 2.89846e+07 3668.17 -472.75
47340 3.87546e+06 2.89562e+07 3664.66 -500.551
47400 4.09534e+06 2.89262e+07 3660.95 -528.325
47460 4.31499e+06 2.88945e+07 3657.02 -556.069
47520 4.53442e+06 2.88611e+07 3652.89 -583.782
47580 4.75359e+06 2.88261e+07 3648.54 -611.462
47640 4.9725e+06 2.87894e+07 3643.98 -639.108
47700 5.19114e+06 2.8751e+07 3639.22 -666.717
47760 5.40949e+06 2.8711e+07 3634.24 -694.29
47820 5.62755e+06 2.86694e+07 3629.05 -721.823
47880 5.84529e+06 2.86261e+07 3623.66 -749.315
47940 6.06271e+06 2.85811e+07 3618.06 -776.766
48000 6.27979e+06 2.85345e+07 3612.24 -804.172
48060 6.49653e+06 2.84863e+07 3606.22 -831.533
48120 6.7129e+06 2.84364e+07 3600 -858.846
48180 6.9289e+06 2.83848e+07 3593.56 -886.111
48240 7.14451e+06 2.83317e+07 3586.92 -913.325
48300 7.35973e+06 2.82769e+07 3580.07 -940.488
48360 7.57453e+06 2.82204e+07 3573.02 -967.597
48420 7.78892e+06 2.81624e+07 3565.76 -994.652
48480 8.00286e+06 2.81027e+07 3558.3 -1021.65
48540 8.21636e+06 2.80414e+07 3550.63 -1048.59
48600 8.4294e+06 2.79785e+07 3542.75 -1075.47
48660 8.64196e+06 2.7914e+07 3534.68 -1102.29
48720 8.85404e+06 2.78478e+07 3526.39 -1129.04
48780 9.06563e+06 2.77801e+07 3517.91 -1155.73
48840 9.2767e+06 2.77107e+07 3509.22 -1182.36
48900 9.48725e+06 2.76398e+07 3500.34 -1208.91
48960 9.69727e+06 2.75673e+07 3491.25 -1235.4
49020 9.90675e+06 2.74931e+07 3481.96 -1261.82
49080 1.01157e+07 2.74174e+07 3472.46 -1288.17
49140 1.0324e+07 2.73401e+07 3462.77 -1314.44
49200 1.05318e+07 2.72613e+07 3452.88 -1340.63
49260 1.0739e+07 2.71808e+07 3442.79 -1366.75
49320 1.09455e+07 2.70988e+07 3432.51 -1392.79
49380 1.11515e+07 2.70153e+07 3422.02 -1418.76
49440 1.13568e+07 2.69301e+07 3411.34 -1444.64
49500 1.15615e+07 2.68435e+07 3400.47 -1470.43
49560 1.17655e+07 2.67552e+07 3389.39 -1496.15
49620 1.19689e+07 2.66655e+07 3378.13 -1521.77
49680 1.21716e+07 2.65742e+07 3366.67 -1547.31
49740 1.23736e+07 2.64813e+07 3355.01 -1572.76
49800 1.25749e+07 2.63869e+07 3343.16 -1598.12
49860 1.27754e+07 2.62911e+07 3331.12 -1623.39
49920 1.29753e+07 2.61937e+07 3318.89 -1648.57
49980 1.31744e+07 2.60947e+07 3306.47 -1673.65
50040 1.33728e+07 2.59943e+07 3293.86 -1698.63
50100 1.35705e+07 2.58924e+07 3281.06 -1723.52
50160 1.37673e+07 2.5789e+07 3268.07 -1748.3
50220 1.39634e+07 2.56841e+07 3254.89 -1772.99
50280 1.41587e+07 2.55777e+07 3241.53 -1797.58
50340 1.43532e+07 2.54699e+07 3227.98 -1822.06
50400 1.45469e+07 2.53605e+07 3214.25 -1846.43
50460 1.47397e+07 2.52498e+07 3200.33 -1870.7
50520 1.49318e+07 2.51375e+07 3186.22 -1894.86
50580 1.51229e+07 2.50238e+07 3171.94 -1918.92
50640 1.53132e+07 2.49087e+07 3157.47 -1942.86
50700 1.55027e+07 2.47921e+07 3142.82 -1966.69
50760 1.56913e+07 2.46741e+07 3128 -1990.41
50820 1.58789e+07 2.45547e+07 3112.99 -2014.01
50880 1.60657e+07 2.44338e+07 3097.8 -2037.49
50940 1.62516e+07 2.43116e+07 3082.44 -2060.86
51000 1.64365e+07 2.41879e+07 3066.9 -2084.11
51060 1.66205e+07 2.40629e+07 3051.19 -2107.24
51120 1.68036e+07 2.39365e+07 3035.3 -2130.25
51180 1.69857e+07 2.38087e+07 3019.23 -2153.14
51240 1.71669e+07 2.36795e+07 3003 -2175.9
51300 1.73471e+07 2.35489e+07 2986.59 -2198.53
51360 1.75263e+07 2.3417e+07 2970.01 -2221.04
51420 1.77045e+07 2.32837e+07 2953.26 -2243.42
51480 1.78817e+07 2.31491e+07 2936.35 -2265.67
51540 1.80578e+07 2.30132e+07 2919.26 -2287.79
51600 1.8233e+07 2.28759e+07 2902.01 -2309.78
51660 1.84071e+07 2.27373e+07 2884.6 -2331.63
51720 1.85802e+07 2.25974e+07 2867.01 -2353.35
51780 1.87522e+07 2.24562e+07 2849.27 -2374.94
51840 1.89232e+07 2.23137e+07 2831.36 -2396.38
51900 1.90931e+07 2.217e+07 2813.3 -2417.69
51960 1.92619e+07 2.20249e+07 2795.07 -2438.86
52020 1.94296e+07 2.18786e+07 2776.68 -2459.89
52080 1.95962e+07 2.1731e+07 2758.13 -2480.77
52140 1.97616e+07 2.15821e+07 2739.43 -2501.52
52200 1.9926e+07 2.1432e+07 2720.57 -2522.11
52260 2.00892e+07 2.12807e+07 2701.56 -2542.57
52320 2.02513e+07 2.11282e+07 2682.39 -2562.87
52380 2.04123e+07 2.09744e+07 2663.07 -2583.03
52440 2.05721e+07 2.08194e+07 2643.6 -2603.04
52500 2.07307e+07 2.06632e+07 2623.99 -2622.9
52560 2.08881e+07 2.05058e+07 2604.22 -2642.6
52620 2.10444e+07 2.03473e+07 2584.3 -2662.16
52680 2.11994e+07 2.01876e+07 2564.24 -2681.56
52740 2.13533e+07 2.00267e+07 2544.03 -2700.8
52800 2.15059e+07 1.98646e+07 2523.68 -2719.89
52860 2.16573e+07 1.97014e+07 2503.18 -2738.82
52920 2.18075e+07 1.95371e+07 2482.55 -2757.6
52980 2.19565e+07 1.93716e+07 2461.77 -2776.21
53040 2.21042e+07 1.92051e+07 2440.86 -2794.67
53100 2.22507e+07 1.90374e+07 2419.8 -2812.96
53160 2.23958e+07 1.88686e+07 2398.62 -2831.09
53220 2.25398e+07 1.86987e+07 2377.29 -2849.06
53280 2.26824e+07 1.85278e+07 2355.83 -2866.86
53340 2.28237e+07 1.83558e+07 2334.24 -2884.5
53400 2.29638e+07 1.81827e+07 2312.52 -2901.97
53460 2.31025e+07 1.80086e+07 2290.67 -2919.28
53520 2.324e+07 1.78334e+07 2268.69 -2936.41
53580 2.33761e+07 1.76573e+07 2246.58 -2953.38
53640 2.35109e+07 1.74801e+07 2224.35 -2970.17
53700 2.36444e+07 1.73018e+07 2201.99 -2986.8
53760 2.37765e+07 1.71226e+07 2179.51 -3003.25
53820 2.39073e+07 1.69424e+07 2156.91 -3019.53
53880 2.40367e+07 1.67613e+07 2134.18 -3035.64
53940 2.41647e+07 1.65791e+07 2111.34 -3051.57
54000 2.42914e+07 1.6396e+07 2088.38 -3067.32
54060 2.44167e+07 1.6212e+07 2065.3 -3082.9
54120 2.45406e+07 1.6027e+07 2042.11 -3098.3
54180 2.46632e+07 1.58411e+07 2018.81 -3113.52
54240 2.47843e+07 1.56543e+07 1995.39 -3128.56
54300 2.4904e+07 1.54666e+07 1971.86 -3143.42
54360 2.50223e+07 1.5278e+07 1948.22 -3158.11
54420 2.51392e+07 1.50885e+07 1924.48 -3172.61
54480 2.52547e+07 1.48982e+07 1900.63 -3186.92
54540 2.53687e+07 1.47069e+07 1876.67 -3201.06
54600 2.54813e+07 1.45149e+07 1852.61 -3215.01
54660 2.55925e+07 1.4322e+07 1828.45 -3228.77
54720 2.57022e+07 1.41282e+07 1804.19 -3242.35
54780 2.58104e+07 1.39337e+07 1779.83 -3255.74
54840 2.59172e+07 1.37384e+07 1755.37 -3268.95
54900 2.60225e+07 1.35422e+07 1730.81 -3281.96
54960 2.61264e+07 1.33453e+07 1706.16 -3294.79
55020 2.62288e+07 1.31476e+07 1681.42 -3307.43
55080 2.63296e+07 1.29492e+07 1656.59 -3319.88
55140 2.6429e+07 1.275e+07 1631.66 -3332.14
55200 2.65269e+07 1.25501e+07 1606.65 -3344.21
55260 2.66233e+07 1.23494e+07 1581.55 -3356.09
55320 2.67182e+07 1.2148e+07 1556.36 -3367.77
55380 2.68116e+07 1.1946e+07 1531.09 -3379.26
55440 2.69035e+07 1.17432e+07 1505.74 -3390.56
55500 2.69938e+07 1.15398e+07 1480.31 -3401.66
55560 2.70826e+07 1.13357e+07 1454.79 -3412.57
55620 2.71699e+07 1.11309e+07 1429.2 -3423.28
55680 2.72557e+07 1.09255e+07 1403.53 -3433.8
55740 2.73399e+07 1.07195e+07 1377.79 -3444.12
55800 2.74226e+07 1.05129e+07 1351.97 -3454.24
55860 2.75037e+07 1.03056e+07 1326.09 -3464.17
55920 2.75832e+07 1.00977e+07 1300.13 -3473.89
55980 2.76613e+07 9.88931e+06 1274.1 -3483.42
56040 2.77377e+07 9.68031e+06 1248.01 -3492.75
56100 2.78126e+07 9.47074e+06 1221.85 -3501.88
56160 2.78859e+07 9.26063e+06 1195.63 -3510.81
56220 2.79576e+07 9.04998e+06 1169.34 -3519.54
56280 2.80278e+07 8.83881e+06 1142.99 -3528.07
56340 2.80964e+07 8.62712e+06 1116.59 -3536.4
56400 2.81634e+07 8.41494e+06 1090.12 -3544.53
56460 2.82288e+07 8.20227e+06 1063.61 -3552.45
56520 2.82926e+07 7.98912e+06 1037.03 -3560.17
56580 2.83548e+07 7.77551e+06 1010.4 -3567.69
56640 2.84154e+07 7.56145e+06 983.727 -3575.01
56700 2.84745e+07 7.34695e+06 956.999 -3582.12
56760 2.85319e+07 7.13202e+06 930.223 -3589.03
56820 2.85877e+07 6.91668e+06 903.401 -3595.74
56880 2.86419e+07 6.70093e+06 876.534 -3602.24
56940 2.86945e+07 6.4848e+06 849.624 -3608.53
57000 2.87455e+07 6.26829e+06 822.671 -3614.63
57060 2.87948e+07 6.05141e+06 795.679 -3620.51
57120 2.88426e+07 5.83418e+06 768.649 -3626.19
57180 2.88887e+07 5.61661e+06 741.581 -3631.67
57240 2.89332e+07 5.39871e+06 714.478 -3636.94
57300 2.8976e+07 5.18049e+06 687.342 -3642
57360 2.90173e+07 4.96197e+06 660.173 -3646.86
57420 2.90569e+07 4.74316e+06 632.975 -3651.51
57480 2.90949e+07 4.52407e+06 605.747 -3655.96
57540 2.91312e+07 4.30471e+06 578.492 -3660.2
57600 2.91659e+07 4.0851e+06 551.212 -3664.23
57660 2.9199e+07 3.86525e+06 523.907 -3668.05
57720 2.92304e+07 3.64516e+06 496.581 -3671.67
57780 2.92602e+07 3.42486e+06 469.233 -3675.08
57840 2.92884e+07 3.20436e+06 441.867 -3678.28
57900 2.93149e+07 2.98366e+06 414.483 -3681.28
57960 2.93398e+07 2.76278e+06 387.083 -3684.07
58020 2.9363e+07 2.54174e+06 359.669 -3686.65
58080 2.93846e+07 2.32054e+06 332.242 -3689.03
58140 2.94045e+07 2.0992e+06 304.804 -3691.19
58200 2.94228e+07 1.87773e+06 277.356 -3693.15
58260 2.94394e+07 1.65614e+06 249.901 -3694.9
58320 2.94544e+07 1.43444e+06 222.44 -3696.45
58380 2.94678e+07 1.21266e+06 194.974 -3697.79
58440 2.94795e+07 990790 167.505 -3698.92
58500 2.94895e+07 768855 140.035 -3699.84
58560 2.94979e+07 546864 112.564 -3700.56
58620 2.95047e+07 324831 85.096 -3701.07
58680 2.95098e+07 102767 57.631 -3701.37
58740 2.95132e+07 -119315 30.1711 -3701.46
58800 2.95151e+07 -341403 2.71771 -3701.35
58860 2.95152e+07 -563484 -24.7274 -3701.04
58920 2.95137e+07 -785547 -52.1628 -3700.51
58980 2.95106e+07 -1.00758e+06 -79.5867 -3699.78
59040 2.95058e+07 -1.22956e+06 -106.998 -3698.85
59100 2.94994e+07 -1.4515e+06 -134.394 -3697.7
59160 2.94913e+07 -1.67336e+06 -161.774 -3696.36
59220 2.94816e+07 -1.89514e+06 -189.137 -3694.8
59280 2.94703e+07 -2.11683e+06 -216.48 -3693.05
59340 2.94573e+07 -2.33841e+06 -243.803 -3691.08
59400 2.94427e+07 -2.55987e+06 -271.103 -3688.92
59460 2.94264e+07 -2.78121e+06 -298.378 -3686.55
59520 2.94085e+07 -3.0024e+06 -325.629 -3683.97
59580 2.9389e+07 -3.22344e+06 -352.852 -3681.19
59640 2.93678e+07 -3.44431e+06 -380.046 -3678.21
59700 2.9345e+07 -3.665e+06 -407.211 -3675.02
59760 2.93206e+07 -3.88551e+06 -434.343 -3671.63
59820 2.92945e+07 -4.1058e+06 -461.442 -3668.04
59880 2.92668e+07 -4.32589e+06 -488.506 -3664.25
59940 2.92375e+07 -4.54574e+06 -515.534 -3660.25
60000 2.92066e+07 -4.76536e+06 -542.524 -3656.05
60060 2.9174e+07 -4.98472e+06 -569.474 -3651.66
60120 2.91399e+07 -5.20382e+06 -596.383 -3647.06
60180 2.91041e+07 -5.42264e+06 -623.25 -3642.26
60240 2.90667e+07 -5.64118e+06 -650.072 -3637.26
60300 2.90277e+07 -5.85941e+06 -676.849 -3632.07
60360 2.89871e+07 -6.07734e+06 -703.579 -3626.67
60420 2.89448e+07 -6.29494e+06 -730.261 -3621.07
60480 2.8901e+07 -6.5122e+06 -756.892 -3615.28
60540 2.88556e+07 -6.72912e+06 -783.471 -3609.29
60600 2.88086e+07 -6.94568e+06 -809.998 -3603.11
60660 2.876e+07 -7.16186e+06 -836.47 -3596.72
60720 2.87098e+07 -7.37767e+06 -862.886 -3590.14
60780 2.8658e+07 -7.59308e+06 -889.244 -3583.37
60840 2.86047e+07 -7.80808e+06 -915.544 -3576.4
60900 2.85498e+07 -8.02266e+06 -941.783 -3569.24
60960 2.84933e+07 -8.23682e+06 -967.96 -3561.88
61020 2.84352e+07 -8.45053e+06 -994.074 -3554.33
61080 2.83755e+07 -8.66379e+06 -1020.12 -3546.59
61140 2.83143e+07 -8.87658e+06 -1046.11 -3538.66
61200 2.82516e+07 -9.0889e+06 -1072.02 -3530.53
61260 2.81872e+07 -9.30074e+06 -1097.87 -3522.21
61320 2.81214e+07 -9.51207e+06 -1123.64 -3513.71
61380 2.80539e+07 -9.72289e+06 -1149.35 -3505.01
61440 2.7985e+07 -9.93319e+06 -1174.98 -3496.13
61500 2.79145e+07 -1.0143e+07 -1200.53 -3487.06
61560 2.78425e+07 -1.03522e+07 -1226.01 -3477.8
61620 2.77689e+07 -1.05609e+07 -1251.41 -3468.35
61680 2.76938e+07 -1.0769e+07 -1276.74 -3458.72
61740 2.76172e+07 -1.09765e+07 -1301.98 -3448.9
61800 2.75391e+07 -1.11834e+07 -1327.14 -3438.9
61860 2.74595e+07 -1.13897e+07 -1352.22 -3428.72
61920 2.73783e+07 -1.15955e+07 -1377.21 -3418.35
61980 2.72957e+07 -1.18006e+07 -1402.12 -3407.8
62040 2.72116e+07 -1.2005e+07 -1426.94 -3397.07
62100 2.71259e+07 -1.22089e+07 -1451.68 -3386.16
62160 2.70388e+07 -1.2412e+07 -1476.32 -3375.06
62220 2.69503e+07 -1.26145e+07 -1500.87 -3363.79
62280 2.68602e+07 -1.28164e+07 -1525.33 -3352.34
62340 2.67687e+07 -1.30175e+07 -1549.7 -3340.71
62400 2.66757e+07 -1.32179e+07 -1573.97 -3328.91
62460 2.65813e+07 -1.34177e+07 -1598.15 -3316.93
62520 2.64854e+07 -1.36167e+07 -1622.22 -3304.77
62580 2.63881e+07 -1.3815e+07 -1646.2 -3292.44
62640 2.62893e+07 -1.40125e+07 -1670.08 -3279.94
62700 2.61891e+07 -1.42093e+07 -1693.86 -3267.27
62760 2.60874e+07 -1.44054e+07 -1717.54 -3254.42
62820 2.59844e+07 -1.46006e+07 -1741.11 -3241.4
62880 2.58799e+07 -1.47951e+07 -1764.58 -3228.21
62940 2.5774e+07 -1.49888e+07 -1787.94 -3214.86
63000 2.56668e+07 -1.51817e+07 -1811.19 -3201.33
63060 2.55581e+07 -1.53738e+07 -1834.33 -3187.64
63120 2.5448e+07 -1.5565e+07 -1857.37 -3173.78
63180 2.53366e+07 -1.57555e+07 -1880.29 -3159.76
63240 2.52238e+07 -1.5945e+07 -1903.11 -3145.57
63300 2.51096e+07 -1.61338e+07 -1925.81 -3131.22
63360 2.4994e+07 -1.63217e+07 -1948.39 -3116.71
63420 2.48771e+07 -1.65087e+07 -1970.86 -3102.04
63480 2.47589e+07 -1.66948e+07 -1993.21 -3087.2
63540 2.46393e+07 -1.688e+07 -2015.45 -3072.21
63600 2.45184e+07 -1.70643e+07 -2037.56 -3057.05
63660 2.43961e+07 -1.72478e+07 -2059.56 -3041.74
63720 2.42725e+07 -1.74303e+07 -2081.43 -3026.28
63780 2.41477e+07 -1.76118e+07 -2103.18 -3010.66
63840 2.40215e+07 -1.77925e+07 -2124.81 -2994.88
63900 2.3894e+07 -1.79722e+07 -2146.31 -2978.95
63960 2.37652e+07 -1.81509e+07 -2167.69 -2962.87
64020 2.36351e+07 -1.83287e+07 -2188.94 -2946.64
64080 2.35038e+07 -1.85055e+07 -2210.07 -2930.25
64140 2.33712e+07 -1.86813e+07 -2231.06 -2913.72
64200 2.32373e+07 -1.88561e+07 -2251.93 -2897.04
64260 2.31022e+07 -1.90299e+07 -2272.66 -2880.21
64320 2.29659e+07 -1.92028e+07 -2293.26 -2863.24
64380 2.28283e+07 -1.93746e+07 -2313.74 -2846.12
64440 2.26894e+07 -1.95453e+07 -2334.07 -2828.86
64500 2.25494e+07 -1.97151e+07 -2354.27 -2811.46
64560 2.24081e+07 -1.98837e+07 -2374.34 -2793.91
64620 2.22657e+07 -2.00514e+07 -2394.27 -2776.22
64680 2.2122e+07 -2.02179e+07 -2414.06 -2758.4
64740 2.19772e+07 -2.03835e+07 -2433.71 -2740.44
64800 2.18312e+07 -2.05479e+07 -2453.23 -2722.33
64860 2.1684e+07 -2.07112e+07 -2472.6 -2704.1
64920 2.15356e+07 -2.08735e+07 -2491.83 -2685.73
64980 2.13861e+07 -2.10346e+07 -2510.92 -2667.22
65040 2.12354e+07 -2.11946e+07 -2529.87 -2648.58
65100 2.10836e+07 -2.13536e+07 -2548.67 -2629.82
65160 2.09307e+07 -2.15113e+07 -2567.33 -2610.92
65220 2.07767e+07 -2.1668e+07 -2585.84 -2591.89
65280 2.06215e+07 -2.18235e+07 -2604.2 -2572.74
65340 2.04653e+07 -2.19779e+07 -2622.42 -2553.45
65400 2.03079e+07 -2.21311e+07 -2640.49 -2534.05
65460 2.01495e+07 -2.22831e+07 -2658.41 -2514.52
65520 1.999e+07 -2.2434e+07 -2676.18 -2494.86
65580 1.98294e+07 -2.25837e+07 -2693.8 -2475.08
65640 1.96678e+07 -2.27322e+07 -2711.27 -2455.19
65700 1.95051e+07 -2.28795e+07 -2728.58 -2435.17
65760 1.93414e+07 -2.30256e+07 -2745.74 -2415.04
65820 1.91767e+07 -2.31705e+07 -2762.75 -2394.79
65880 1.90109e+07 -2.33142e+07 -2779.61 -2374.42
65940 1.88441e+07 -2.34567e+07 -2796.3 -2353.94
66000 1.86764e+07 -2.35979e+07 -2812.85 -2333.35
66060 1.85076e+07 -2.37379e+07 -2829.23 -2312.64
66120 1.83378e+07 -2.38767e+07 -2845.46 -2291.82
66180 1.81671e+07 -2.40142e+07 -2861.53 -2270.9
66240 1.79954e+07 -2.41504e+07 -2877.44 -2249.86
66300 1.78228e+07 -2.42854e+07 -2893.19 -2228.72
66360 1.76492e+07 -2.44191e+07 -2908.78 -2207.47
66420 1.74746e+07 -2.45516e+07 -2924.21 -2186.12
66480 1.72992e+07 -2.46828e+07 -2939.48 -2164.67
66540 1.71228e+07 -2.48126e+07 -2954.59 -2143.11
66600 1.69455e+07 -2.49412e+07 -2969.53 -2121.45
66660 1.67674e+07 -2.50685e+07 -2984.31 -2099.69
66720 1.65883e+07 -2.51945e+07 -2998.93 -2077.84
66780 1.64084e+07 -2.53192e+07 -3013.38 -2055.89
66840 1.62276e+07 -2.54425e+07 -3027.66 -2033.84
66900 1.60459e+07 -2.55645e+07 -3041.78 -2011.7
66960 1.58634e+07 -2.56853e+07 -3055.74 -1989.46
67020 1.56801e+07 -2.58046e+07 -3069.52 -1967.14
67080 1.54959e+07 -2.59226e+07 -3083.14 -1944.72
67140 1.53109e+07 -2.60393e+07 -3096.59 -1922.22
67200 1.51251e+07 -2.61547e+07 -3109.87 -1899.62
67260 1.49385e+07 -2.62686e+07 -3122.99 -1876.94
67320 1.47511e+07 -2.63813e+07 -3135.93 -1854.18
67380 1.4563e+07 -2.64925e+07 -3148.71 -1831.33
67440 1.43741e+07 -2.66024e+07 -3161.31 -1808.4
67500 1.41844e+07 -2.67109e+07 -3173.74 -1785.39
67560 1.3994e+07 -2.6818e+07 -3186 -1762.29
67620 1.38028e+07 -2.69238e+07 -3198.09 -1739.12
67680 1.36109e+07 -2.70281e+07 -3210.01 -1715.87
67740 1.34183e+07 -2.71311e+07 -3221.75 -1692.55
67800 1.3225e+07 -2.72326e+07 -3233.32 -1669.15
67860 1.3031e+07 -2.73328e+07 -3244.72 -1645.68
67920 1.28363e+07 -2.74315e+07 -3255.94 -1622.13
67980 1.2641e+07 -2.75288e+07 -3266.99 -1598.52
68040 1.2445e+07 -2.76247e+07 -3277.86 -1574.83
68100 1.22483e+07 -2.77192e+07 -3288.56 -1551.08
68160 1.2051e+07 -2.78123e+07 -3299.08 -1527.26
68220 1.1853e+07 -2.79039e+07 -3309.43 -1503.38
68280 1.16545e+07 -2.79941e+07 -3319.6 -1479.43
68340 1.14553e+07 -2.80829e+07 -3329.6 -1455.42
68400 1.12555e+07 -2.81702e+07 -3339.41 -1431.34
68460 1.10551e+07 -2.82561e+07 -3349.05 -1407.21
68520 1.08542e+07 -2.83405e+07 -3358.52 -1383.02
68580 1.06527e+07 -2.84235e+07 -3367.8 -1358.77
68640 1.04506e+07 -2.8505e+07 -3376.91 -1334.46
68700 1.0248e+07 -2.85851e+07 -3385.84 -1310.1
68760 1.00449e+07 -2.86637e+07 -3394.59 -1285.69
68820 9.84118e+06 -2.87409e+07 -3403.16 -1261.22
68880 9.63699e+06 -2.88165e+07 -3411.55 -1236.71
68940 9.43229e+06 -2.88907e+07 -3419.77 -1212.14
69000 9.22711e+06 -2.89635e+07 -3427.8 -1187.53
69060 9.02144e+06 -2.90347e+07 -3435.65 -1162.87
69120 8.8153e+06 -2.91045e+07 -3443.33 -1138.16
69180 8.6087e+06 -2.91728e+07 -3450.82 -1113.41
69240 8.40165e+06 -2.92396e+07 -3458.14 -1088.62
69300 8.19416e+06 -2.93049e+07 -3465.27 -1063.78
69360 7.98625e+06 -2.93687e+07 -3472.22 -1038.91
69420 7.77791e+06 -2.94311e+07 -3479 -1013.99
69480 7.56917e+06 -2.94919e+07 -3485.59 -989.043
69540 7.36004e+06 -2.95512e+07 -3492 -964.055
69600 7.15052e+06 -2.96091e+07 -3498.23 -939.033
69660 6.94062e+06 -2.96654e+07 -3504.28 -913.978
69720 6.73037e+06 -2.97203e+07 -3510.15 -888.89
69780 6.51976e+06 -2.97736e+07 -3515.83 -863.772
69840 6.30881e+06 -2.98254e+07 -3521.34 -838.623
69900 6.09753e+06 -2.98757e+07 -3526.66 -813.447
69960 5.88593e+06 -2.99245e+07 -3531.8 -788.244
70020 5.67402e+06 -2.99718e+07 -3536.76 -763.015
70080 5.46182e+06 -3.00176e+07 -3541.54 -737.762
70140 5.24932e+06 -3.00619e+07 -3546.14 -712.486
70200 5.03655e+06 -3.01046e+07 -3550.55 -687.188
70260 4.82352e+06 -3.01459e+07 -3554.79 -661.87
70320 4.61023e+06 -3.01856e+07 -3558.84 -636.533
70380 4.3967e+06 -3.02238e+07 -3562.71 -611.178
70440 4.18294e+06 -3.02604e+07 -3566.4 -585.807
70500 3.96896e+06 -3.02956e+07 -3569.9 -560.421
70560 3.75476e+06 -3.03292e+07 -3573.23 -535.021
70620 3.54037e+06 -3.03613e+07 -3576.37 -509.608
70680 3.32579e+06 -3.03919e+07 -3579.34 -484.185
70740 3.11103e+06 -3.04209e+07 -3582.12 -458.751
70800 2.8961e+06 -3.04485e+07 -3584.72 -433.309
70860 2.68102e+06 -3.04745e+07 -3587.14 -407.859
70920 2.46579e+06 -3.04989e+07 -3589.37 -382.403
70980 2.25043e+06 -3.05219e+07 -3591.43 -356.943
71040 2.03494e+06 -3.05433e+07 -3593.31 -331.479
71100 1.81934e+06 -3.05632e+07 -3595 -306.013
71160 1.60364e+06 -3.05815e+07 -3596.51 -280.546
71220 1.38785e+06 -3.05984e+07 -3597.85 -255.079
71280 1.17198e+06 -3.06137e+07 -3599 -229.614
71340 956040 -3.06275e+07 -3599.97 -204.152
71400 740041 -3.06397e+07 -3600.77 -178.694
71460 523995 -3.06504e+07 -3601.38 -153.242
71520 307913 -3.06596e+07 -3601.81 -127.796
71580 91803.8 -3.06673e+07 -3602.07 -102.358
71640 -124320 -3.06734e+07 -3602.14 -76.9295
71700 -340449 -3.06781e+07 -3602.04 -51.5114
71760 -556571 -3.06811e+07 -3601.75 -26.1049
71820 -772676 -3.06827e+07 -3601.29 -0.711454
71880 -988753 -3.06828e+07 -3600.65 24.6678
71940 -1.20479e+06 -3.06813e+07 -3599.83 50.0316
72000 -1.42078e+06 -3.06783e+07 -3598.83 75.3788
72060 -1.63671e+06 -3.06737e+07 -3597.66 100.708
72120 -1.85257e+06 -3.06677e+07 -3596.3 126.018
72180 -2.06835e+06 -3.06601e+07 -3594.77 151.308
72240 -2.28404e+06 -3.06511e+07 -3593.07 176.576
72300 -2.49962e+06 -3.06405e+07 -3591.18 201.821
72360 -2.71509e+06 -3.06284e+07 -3589.12 227.043
72420 -2.93044e+06 -3.06147e+07 -3586.89 252.239
72480 -3.14565e+06 -3.05996e+07 -3584.48 277.408
72540 -3.36072e+06 -3.0583e+07 -3581.89 302.55
72600 -3.57563e+06 -3.05648e+07 -3579.13 327.663
72660 -3.79038e+06 -3.05451e+07 -3576.19 352.746
72720 -4.00495e+06 -3.0524e+07 -3573.08 377.798
72780 -4.21934e+06 -3.05013e+07 -3569.8 402.818
72840 -4.43353e+06 -3.04771e+07 -3566.34 427.804
72900 -4.64751e+06 -3.04515e+07 -3562.71 452.755
72960 -4.86127e+06 -3.04243e+07 -3558.9 477.67
73020 -5.0748e+06 -3.03957e+07 -3554.93 502.548
73080 -5.2881e+06 -3.03655e+07 -3550.78 527.387
73140 -5.50115e+06 -3.03339e+07 -3546.46 552.188
73200 -5.71393e+06 -3.03007e+07 -3541.97 576.947
73260 -5.92645e+06 -3.02661e+07 -3537.3 601.665
73320 -6.13869e+06 -3.023e+07 -3532.47 626.34
73380 -6.35064e+06 -3.01924e+07 -3527.47 650.971
73440 -6.56229e+06 -3.01534e+07 -3522.29 675.556
73500 -6.77362e+06 -3.01128e+07 -3516.95 700.096
73560 -6.98464e+06 -3.00708e+07 -3511.44 724.588
73620 -7.19533e+06 -3.00274e+07 -3505.76 749.031
73680 -7.40567e+06 -2.99824e+07 -3499.91 773.424
73740 -7.61567e+06 -2.9936e+07 -3493.9 797.767
73800 -7.8253e+06 -2.98881e+07 -3487.72 822.058
73860 -8.03456e+06 -2.98388e+07 -3481.37 846.295
73920 -8.24345e+06 -2.9788e+07 -3474.85 870.479
73980 -8.45194e+06 -2.97358e+07 -3468.18 894.607
74040 -8.66003e+06 -2.96821e+07 -3461.33 918.678
74100 -8.86771e+06 -2.9627e+07 -3454.32 942.693
74160 -9.07497e+06 -2.95705e+07 -3447.15 966.649
74220 -9.2818e+06 -2.95125e+07 -3439.82 990.545
74280 -9.48818e+06 -2.9453e+07 -3432.32 1014.38
74340 -9.69412e+06 -2.93922e+07 -3424.66 1038.15
74400 -9.8996e+06 -2.93299e+07 -3416.84 1061.86
74460 -1.01046e+07 -2.92662e+07 -3408.85 1085.51
74520 -1.03091e+07 -2.9201e+07 -3400.71 1109.09
74580 -1.05132e+07 -2.91345e+07 -3392.4 1132.61
74640 -1.07167e+07 -2.90665e+07 -3383.94 1156.06
74700 -1.09198e+07 -2.89972e+07 -3375.32 1179.44
74760 -1.11223e+07 -2.89264e+07 -3366.54 1202.75
74820 -1.13243e+07 -2.88542e+07 -3357.6 1225.99
74880 -1.15257e+07 -2.87807e+07 -3348.5 1249.16
74940 -1.17266e+07 -2.87057e+07 -3339.25 1272.26
75000 -1.1927e+07 -2.86294e+07 -3329.84 1295.29
75060 -1.21268e+07 -2.85517e+07 -3320.28 1318.24
75120 -1.2326e+07 -2.84726e+07 -3310.56 1341.11
75180 -1.25246e+07 -2.83921e+07 -3300.69 1363.91
75240 -1.27227e+07 -2.83103e+07 -3290.67 1386.64
75300 -1.29201e+07 -2.82271e+07 -3280.49 1409.28
75360 -1.3117e+07 -2.81425e+07 -3270.16 1431.84
75420 -1.33132e+07 -2.80566e+07 -3259.68 1454.33
75480 -1.35087e+07 -2.79693e+07 -3249.04 1476.73
75540 -1.37037e+07 -2.78807e+07 -3238.26 1499.05
75600 -1.3898e+07 -2.77908e+07 -3227.33 1521.29
75660 -1.40916e+07 -2.76995e+07 -3216.25 1543.45
75720 -1.42846e+07 -2.76069e+07 -3205.02 1565.52
75780 -1.44769e+07 -2.7513e+07 -3193.64 1587.5
75840 -1.46685e+07 -2.74177e+07 -3182.12 1609.4
75900 -1.48594e+07 -2.73212e+07 -3170.45 1631.21
75960 -1.50497e+07 -2.72233e+07 -3158.63 1652.93
76020 -1.52392e+07 -2.71241e+07 -3146.67 1674.56
76080 -1.5428e+07 -2.70236e+07 -3134.57 1696.1
76140 -1.56161e+07 -2.69219e+07 -3122.32 1717.55
76200 -1.58034e+07 -2.68188e+07 -3109.93 1738.91
76260 -1.599e+07 -2.67145e+07 -3097.4 1760.17
76320 -1.61758e+07 -2.66089e+07 -3084.73 1781.34
76380 -1.63609e+07 -2.6502e+07 -3071.91 1802.41
76440 -1.65452e+07 -2.63939e+07 -3058.96 1823.39
76500 -1.67288e+07 -2.62845e+07 -3045.87 1844.27
76560 -1.69115e+07 -2.61738e+07 -3032.64 1865.06
76620 -1.70935e+07 -2.60619e+07 -3019.27 1885.74
76680 -1.72746e+07 -2.59488e+07 -3005.77 1906.33
76740 -1.7455e+07 -2.58344e+07 -2992.13 1926.82
76800 -1.76345e+07 -2.57188e+07 -2978.35 1947.2
76860 -1.78132e+07 -2.56019e+07 -2964.44 1967.48
76920 -1.79911e+07 -2.54839e+07 -2950.4 1987.67
76980 -1.81681e+07 -2.53646e+07 -2936.23 2007.74
77040 -1.83443e+07 -2.52442e+07 -2921.92 2027.72
77100 -1.85196e+07 -2.51225e+07 -2907.48 2047.58
77160 -1.8694e+07 -2.49996e+07 -2892.91 2067.34
77220 -1.88676e+07 -2.48756e+07 -2878.21 2087
77280 -1.90403e+07 -2.47504e+07 -2863.38 2106.55
77340 -1.92121e+07 -2.4624e+07 -2848.43 2125.99
77400 -1.9383e+07 -2.44964e+07 -2833.34 2145.32
77460 -1.9553e+07 -2.43677e+07 -2818.13 2164.54
77520 -1.97221e+07 -2.42378e+07 -2802.8 2183.65
77580 -1.98903e+07 -2.41068e+07 -2787.34 2202.64
77640 -2.00575e+07 -2.39747e+07 -2771.75 2221.53
77700 -2.02238e+07 -2.38414e+07 -2756.05 2240.3
77760 -2.03892e+07 -2.37069e+07 -2740.22 2258.96
77820 -2.05536e+07 -2.35714e+07 -2724.26 2277.51
77880 -2.07171e+07 -2.34348e+07 -2708.19 2295.94
77940 -2.08795e+07 -2.3297e+07 -2692 2314.25
78000 -2.10411e+07 -2.31581e+07 -2675.69 2332.45
78060 -2.12016e+07 -2.30182e+07 -2659.26 2350.53
78120 -2.13612e+07 -2.28772e+07 -2642.72 2368.49
78180 -2.15197e+07 -2.27351e+07 -2626.05 2386.33
78240 -2.16773e+07 -2.25919e+07 -2609.28 2404.06
78300 -2.18338e+07 -2.24476e+07 -2592.38 2421.66
78360 -2.19894e+07 -2.23023e+07 -2575.38 2439.14
78420 -2.21439e+07 -2.2156e+07 -2558.26 2456.5
78480 -2.22974e+07 -2.20086e+07 -2541.03 2473.74
78540 -2.24499e+07 -2.18602e+07 -2523.69 2490.86
78600 -2.26013e+07 -2.17107e+07 -2506.23 2507.85
78660 -2.27517e+07 -2.15603e+07 -2488.67 2524.72
78720 -2.2901e+07 -2.14088e+07 -2471 2541.46
78780 -2.30492e+07 -2.12563e+07 -2453.22 2558.08
78840 -2.31964e+07 -2.11028e+07 -2435.34 2574.57
78900 -2.33426e+07 -2.09483e+07 -2417.35 2590.94
78960 -2.34876e+07 -2.07929e+07 -2399.25 2607.17
79020 -2.36316e+07 -2.06364e+07 -2381.05 2623.28
79080 -2.37744e+07 -2.0479e+07 -2362.75 2639.27
79140 -2.39162e+07 -2.03207e+07 -2344.35 2655.12
79200 -2.40568e+07 -2.01614e+07 -2325.84 2670.84
79260 -2.41964e+07 -2.00011e+07 -2307.23 2686.43
79320 -2.43348e+07 -1.98399e+07 -2288.53 2701.89
79380 -2.44721e+07 -1.96778e+07 -2269.72 2717.22
79440 -2.46083e+07 -1.95148e+07 -2250.82 2732.42
79500 -2.47434e+07 -1.93508e+07 -2231.82 2747.49
79560 -2.48773e+07 -1.9186e+07 -2212.73 2762.42
79620 -2.501e+07 -1.90203e+07 -2193.54 2777.21
79680 -2.51417e+07 -1.88536e+07 -2174.26 2791.88
79740 -2.52721e+07 -1.86861e+07 -2154.88 2806.41
79800 -2.54014e+07 -1.85177e+07 -2135.41 2820.8
79860 -2.55295e+07 -1.83485e+07 -2115.85 2835.06
79920 -2.56565e+07 -1.81784e+07 -2096.2 2849.18
79980 -2.57823e+07 -1.80074e+07 -2076.47 2863.16
80040 -2.59068e+07 -1.78356e+07 -2056.64 2877.01
80100 -2.60302e+07 -1.7663e+07 -2036.73 2890.72
80160 -2.61524e+07 -1.74896e+07 -2016.73 2904.29
80220 -2.62734e+07 -1.73153e+07 -1996.64 2917.72
80280 -2.63932e+07 -1.71402e+07 -1976.47 2931.01
80340 -2.65118e+07 -1.69644e+07 -1956.22 2944.16
80400 -2.66292e+07 -1.67877e+07 -1935.88 2957.17
80460 -2.67454e+07 -1.66103e+07 -1915.46 2970.04
80520 -2.68603e+07 -1.64321e+07 -1894.97 2982.77
80580 -2.6974e+07 -1.62531e+07 -1874.39 2995.36
80640 -2.70865e+07 -1.60734e+07 -1853.73 3007.81
80700 -2.71977e+07 -1.58929e+07 -1833 3020.11
80760 -2.73077e+07 -1.57117e+07 -1812.19 3032.27
80820 -2.74164e+07 -1.55298e+07 -1791.3 3044.29
80880 -2.75239e+07 -1.53471e+07 -1770.34 3056.16
80940 -2.76301e+07 -1.51638e+07 -1749.31 3067.89
81000 -2.7735e+07 -1.49797e+07 -1728.2 3079.47
81060 -2.78387e+07 -1.47949e+07 -1707.02 3090.91
81120 -2.79412e+07 -1.46095e+07 -1685.77 3102.2
81180 -2.80423e+07 -1.44234e+07 -1664.45 3113.35
81240 -2.81422e+07 -1.42366e+07 -1643.06 3124.35
81300 -2.82408e+07 -1.40491e+07 -1621.61 3135.2
81360 -2.8338e+07 -1.3861e+07 -1600.08 3145.91
81420 -2.84341e+07 -1.36722e+07 -1578.49 3156.46
81480 -2.85288e+07 -1.34828e+07 -1556.84 3166.88
81540 -2.86222e+07 -1.32928e+07 -1535.12 3177.14
81600 -2.87143e+07 -1.31022e+07 -1513.34 3187.25
81660 -2.88051e+07 -1.2911e+07 -1491.5 3197.22
81720 -2.88946e+07 -1.27191e+07 -1469.59 3207.04
81780 -2.89827e+07 -1.25267e+07 -1447.63 3216.7
81840 -2.90696e+07 -1.23337e+07 -1425.61 3226.22
81900 -2.91551e+07 -1.21401e+07 -1403.53 3235.59
81960 -2.92394e+07 -1.1946e+07 -1381.39 3244.81
82020 -2.93222e+07 -1.17513e+07 -1359.2 3253.87
82080 -2.94038e+07 -1.15561e+07 -1336.95 3262.79
82140 -2.9484e+07 -1.13603e+07 -1314.65 3271.55
82200 -2.95629e+07 -1.1164e+07 -1292.3 3280.16
82260 -2.96404e+07 -1.09672e+07 -1269.89 3288.63
82320 -2.97166e+07 -1.07699e+07 -1247.43 3296.93
82380 -2.97915e+07 -1.05721e+07 -1224.93 3305.09
82440 -2.9865e+07 -1.03738e+07 -1202.37 3313.09
82500 -2.99371e+07 -1.0175e+07 -1179.77 3320.95
82560 -3.00079e+07 -9.97572e+06 -1157.12 3328.64
82620 -3.00773e+07 -9.776e+06 -1134.42 3336.19
82680 -3.01454e+07 -9.57583e+06 -1111.68 3343.58
82740 -3.02121e+07 -9.37522e+06 -1088.89 3350.82
82800 -3.02774e+07 -9.17417e+06 -1066.07 3357.9
82860 -3.03414e+07 -8.97269e+06 -1043.2 3364.83
82920 -3.0404e+07 -8.7708e+06 -1020.29 3371.6
82980 -3.04652e+07 -8.56851e+06 -997.337 3378.22
83040 -3.0525e+07 -8.36581e+06 -974.349 3384.69
83100 -3.05835e+07 -8.16273e+06 -951.323 3391
83160 -3.06406e+07 -7.95927e+06 -928.261 3397.15
83220 -3.06963e+07 -7.75544e+06 -905.163 3403.15
83280 -3.07506e+07 -7.55125e+06 -882.03 3409
83340 -3.08035e+07 -7.34671e+06 -858.863 3414.69
83400 -3.0855e+07 -7.14183e+06 -835.664 3420.22
83460 -3.09052e+07 -6.93662e+06 -812.434 3425.59
83520 -3.09539e+07 -6.73109e+06 -789.173 3430.81
83580 -3.10013e+07 -6.52524e+06 -765.882 3435.88
83640 -3.10472e+07 -6.31908e+06 -742.563 3440.79
83700 -3.10918e+07 -6.11264e+06 -719.217 3445.54
83760 -3.11349e+07 -5.9059e+06 -695.844 3450.13
83820 -3.11767e+07 -5.6989e+06 -672.446 3454.57
83880 -3.1217e+07 -5.49162e+06 -649.023 3458.85
83940 -3.1256e+07 -5.28409e+06 -625.577 3462.98
84000 -3.12935e+07 -5.07631e+06 -602.108 3466.94
84060 -3.13296e+07 -4.8683e+06 -578.619 3470.75
84120 -3.13643e+07 -4.66005e+06 -555.108 3474.41
84180 -3.13976e+07 -4.45159e+06 -531.579 3477.9
84240 -3.14295e+07 -4.24291e+06 -508.031 3481.24
84300 -3.146e+07 -4.03404e+06 -484.466 3484.42
84360 -3.14891e+07 -3.82497e+06 -460.885 3487.45
84420 -3.15167e+07 -3.61572e+06 -437.289 3490.31
84480 -3.1543e+07 -3.40631e+06 -413.678 3493.02
84540 -3.15678e+07 -3.19672e+06 -390.054 3495.57
84600 -3.15912e+07 -2.98699e+06 -366.418 3497.96
84660 -3.16132e+07 -2.77711e+06 -342.771 3500.2
84720 -3.16338e+07 -2.5671e+06 -319.114 3502.28
84780 -3.16529e+07 -2.35696e+06 -295.448 3504.2
84840 -3.16706e+07 -2.14671e+06 -271.773 3505.96
84900 -3.16869e+07 -1.93635e+06 -248.092 3507.57
84960 -3.17018e+07 -1.7259e+06 -224.404 3509.01
85020 -3.17153e+07 -1.51536e+06 -200.712 3510.3
85080 -3.17273e+07 -1.30474e+06 -177.015 3511.44
85140 -3.17379e+07 -1.09405e+06 -153.316 3512.41
85200 -3.17471e+07 -883310 -129.614 3513.23
85260 -3.17549e+07 -672516 -105.912 3513.89
85320 -3.17613e+07 -461683 -82.2092 3514.39
85380 -3.17662e+07 -250820 -58.5078 3514.73
85440 -3.17697e+07 -39935.9 -34.8085 3514.92
85500 -3.17718e+07 170959 -11.1122 3514.95
85560 -3.17725e+07 381856 12.58 3514.82
85620 -3.17717e+07 592746 36.2671 3514.54
85680 -3.17695e+07 803618 59.948 3514.1
85740 -3.17659e+07 1.01446e+06 83.6219 3513.5
85800 -3.17609e+07 1.22527e+06 107.288 3512.74
85860 -3.17545e+07 1.43604e+06 130.944 3511.83
85920 -3.17466e+07 1.64675e+06 154.591 3510.76
85980 -3.17374e+07 1.85739e+06 178.226 3509.53
86040 -3.17267e+07 2.06797e+06 201.849 3508.15
86100 -3.17146e+07 2.27845e+06 225.459 3506.61
86160 -3.1701e+07 2.48885e+06 249.055 3504.92
86220 -3.16861e+07 2.69915e+06 272.636 3503.07
86280 -3.16697e+07 2.90933e+06 296.201 3501.06
86340 -3.1652e+07 3.11939e+06 319.748 3498.9
86400 -3.16328e+07 3.32933e+06 343.278 3496.58
