60 454509 2.63771e+07 7574.95 -34.3667
120 908983 2.6374e+07 7574.07 -68.7083
180 1.36339e+06 2.63688e+07 7572.59 -102.999
240 1.81768e+06 2.63616e+07 7570.53 -137.215
300 2.27184e+06 2.63524e+07 7567.89 -171.331
360 2.72582e+06 2.63411e+07 7564.66 -205.323
420 3.17959e+06 2.63277e+07 7560.87 -239.166
480 3.63311e+06 2.63124e+07 7556.52 -272.838
540 4.08636e+06 2.6295e+07 7551.61 -306.315
600 4.53929e+06 2.62756e+07 7546.15 -339.575
660 4.99188e+06 2.62542e+07 7540.16 -372.597
720 5.4441e+06 2.62309e+07 7533.65 -405.36
780 5.89591e+06 2.62056e+07 7526.63 -437.845
840 6.34729e+06 2.61784e+07 7519.11 -470.032
900 6.7982e+06 2.61492e+07 7511.1 -501.902
960 7.24861e+06 2.61181e+07 7502.63 -533.44
1020 7.6985e+06 2.60852e+07 7493.7 -564.629
1080 8.14785e+06 2.60504e+07 7484.34 -595.453
1140 8.59661e+06 2.60138e+07 7474.55 -625.899
1200 9.04478e+06 2.59753e+07 7464.35 -655.953
1260 9.49233e+06 2.59351e+07 7453.77 -685.603
1320 9.93923e+06 2.5893e+07 7442.81 -714.839
1380 1.03855e+07 2.58493e+07 7431.49 -743.65
1440 1.0831e+07 2.58038e+07 7419.84 -772.027
1500 1.12758e+07 2.57566e+07 7407.87 -799.963
1560 1.17199e+07 2.57078e+07 7395.59 -827.45
1620 1.21633e+07 2.56574e+07 7383.02 -854.482
1680 1.26059e+07 2.56053e+07 7370.18 -881.055
1740 1.30477e+07 2.55516e+07 7357.09 -907.164
1800 1.34887e+07 2.54964e+07 7343.77 -932.806
1860 1.3929e+07 2.54397e+07 7330.22 -957.979
1920 1.43684e+07 2.53815e+07 7316.47 -982.68
1980 1.48069e+07 2.53218e+07 7302.53 -1006.91
2040 1.52447e+07 2.52607e+07 7288.42 -1030.67
2100 1.56815e+07 2.51981e+07 7274.15 -1053.95
2160 1.61176e+07 2.51342e+07 7259.74 -1076.77
2220 1.65527e+07 2.50689e+07 7245.2 -1099.12
2280 1.6987e+07 2.50023e+07 7230.54 -1121
2340 1.74204e+07 2.49344e+07 7215.79 -1142.42
2400 1.78529e+07 2.48652e+07 7200.94 -1163.38
2460 1.82845e+07 2.47948e+07 7186.02 -1183.89
2520 1.87152e+07 2.47232e+07 7171.04 -1203.94
2580 1.9145e+07 2.46504e+07 7156.01 -1223.55
2640 1.95739e+07 2.45764e+07 7140.93 -1242.72
2700 2.00019e+07 2.45012e+07 7125.83 -1261.46
2760 2.0429e+07 2.4425e+07 7110.7 -1279.76
2820 2.08552e+07 2.43477e+07 7095.57 -1297.64
2880 2.12805e+07 2.42693e+07 7080.43 -1315.11
2940 2.17049e+07 2.41899e+07 7065.31 -1332.17
3000 2.21283e+07 2.41094e+07 7050.2 -1348.82
3060 2.25509e+07 2.4028e+07 7035.11 -1365.07
3120 2.29725e+07 2.39456e+07 7020.06 -1380.94
3180 2.33933e+07 2.38623e+07 7005.05 -1396.42
3240 2.38131e+07 2.37781e+07 6990.08 -1411.53
3300 2.42321e+07 2.36929e+07 6975.17 -1426.27
3360 2.46502e+07 2.36069e+07 6960.31 -1440.64
3420 2.50673e+07 2.35201e+07 6945.52 -1454.67
3480 2.54836e+07 2.34324e+07 6930.8 -1468.35
3540 2.5899e+07 2.33439e+07 6916.15 -1481.68
3600 2.63136e+07 2.32546e+07 6901.58 -1494.69
3660 2.67272e+07 2.31645e+07 6887.09 -1507.37
3720 2.714e+07 2.30737e+07 6872.69 -1519.74
3780 2.75519e+07 2.29822e+07 6858.38 -1531.79
3840 2.7963e+07 2.28899e+07 6844.16 -1543.54
3900 2.83732e+07 2.27969e+07 6830.04 -1554.99
3960 2.87826e+07 2.27033e+07 6816.02 -1566.16
4020 2.91912e+07 2.2609e+07 6802.11 -1577.04
4080 2.95989e+07 2.25141e+07 6788.29 -1587.64
4140 3.00058e+07 2.24185e+07 6774.58 -1597.98
4200 3.04118e+07 2.23223e+07 6760.98 -1608.05
4260 3.08171e+07 2.22255e+07 6747.5 -1617.87
4320 3.12215e+07 2.21282e+07 6734.12 -1627.43
4380 3.16252e+07 2.20302e+07 6720.85 -1636.75
4440 3.2028e+07 2.19318e+07 6707.7 -1645.84
4500 3.24301e+07 2.18327e+07 6694.67 -1654.69
4560 3.28314e+07 2.17332e+07 6681.75 -1663.32
4620 3.32319e+07 2.16332e+07 6668.94 -1671.72
4680 3.36317e+07 2.15326e+07 6656.26 -1679.92
4740 3.40307e+07 2.14316e+07 6643.69 -1687.9
4800 3.44289e+07 2.13301e+07 6631.24 -1695.68
4860 3.48264e+07 2.12281e+07 6618.91 -1703.26
4920 3.52232e+07 2.11257e+07 6606.69 -1710.65
4980 3.56192e+07 2.10228e+07 6594.6 -1717.84
5040 3.60146e+07 2.09195e+07 6582.62 -1724.86
5100 3.64092e+07 2.08158e+07 6570.76 -1731.69
5160 3.6803e+07 2.07117e+07 6559.02 -1738.36
5220 3.71962e+07 2.06072e+07 6547.39 -1744.85
5280 3.75887e+07 2.05024e+07 6535.88 -1751.18
5340 3.79805e+07 2.03971e+07 6524.49 -1757.34
5400 3.83717e+07 2.02915e+07 6513.21 -1763.36
5460 3.87621e+07 2.01855e+07 6502.05 -1769.21
5520 3.91519e+07 2.00792e+07 6491.01 -1774.92
5580 3.95411e+07 1.99725e+07 6480.08 -1780.49
5640 3.99295e+07 1.98655e+07 6469.26 -1785.91
5700 4.03174e+07 1.97582e+07 6458.55 -1791.2
5760 4.07046e+07 1.96506e+07 6447.96 -1796.36
5820 4.10911e+07 1.95426e+07 6437.47 -1801.38
5880 4.14771e+07 1.94344e+07 6427.1 -1806.28
5940 4.18624e+07 1.93259e+07 6416.83 -1811.06
6000 4.22471e+07 1.92171e+07 6406.67 -1815.71
6060 4.26312e+07 1.9108e+07 6396.62 -1820.25
6120 4.30147e+07 1.89987e+07 6386.68 -1824.68
6180 4.33976e+07 1.88891e+07 6376.84 -1828.99
6240 4.37799e+07 1.87792e+07 6367.11 -1833.2
6300 4.41616e+07 1.86691e+07 6357.48 -1837.3
6360 4.45428e+07 1.85587e+07 6347.95 -1841.3
6420 4.49234e+07 1.84481e+07 6338.52 -1845.2
6480 4.53034e+07 1.83373e+07 6329.19 -1849.01
6540 4.56829e+07 1.82262e+07 6319.96 -1852.72
6600 4.60618e+07 1.8115e+07 6310.83 -1856.34
6660 4.64402e+07 1.80035e+07 6301.8 -1859.86
6720 4.6818e+07 1.78918e+07 6292.86 -1863.31
6780 4.71954e+07 1.77799e+07 6284.02 -1866.66
6840 4.75721e+07 1.76678e+07 6275.27 -1869.94
6900 4.79484e+07 1.75555e+07 6266.61 -1873.13
6960 4.83241e+07 1.7443e+07 6258.05 -1876.24
7020 4.86994e+07 1.73303e+07 6249.57 -1879.28
7080 4.90741e+07 1.72175e+07 6241.19 -1882.25
7140 4.94483e+07 1.71045e+07 6232.89 -1885.14
7200 4.9822e+07 1.69913e+07 6224.68 -1887.96
7260 5.01953e+07 1.68779e+07 6216.56 -1890.71
7320 5.0568e+07 1.67644e+07 6208.52 -1893.4
7380 5.09403e+07 1.66507e+07 6200.57 -1896.02
7440 5.13121e+07 1.65369e+07 6192.69 -1898.57
7500 5.16834e+07 1.64229e+07 6184.91 -1901.06
7560 5.20543e+07 1.63088e+07 6177.2 -1903.5
7620 5.24247e+07 1.61945e+07 6169.57 -1905.87
7680 5.27946e+07 1.608e+07 6162.02 -1908.19
7740 5.31641e+07 1.59655e+07 6154.56 -1910.45
7800 5.35332e+07 1.58508e+07 6147.16 -1912.65
7860 5.39018e+07 1.5736e+07 6139.85 -1914.8
7920 5.427e+07 1.5621e+07 6132.61 -1916.9
7980 5.46377e+07 1.55059e+07 6125.44 -1918.95
8040 5.5005e+07 1.53907e+07 6118.35 -1920.95
8100 5.53719e+07 1.52754e+07 6111.33 -1922.9
8160 5.57384e+07 1.516e+07 6104.38 -1924.81
8220 5.61044e+07 1.50445e+07 6097.5 -1926.67
8280 5.64701e+07 1.49288e+07 6090.69 -1928.48
8340 5.68353e+07 1.4813e+07 6083.95 -1930.25
8400 5.72001e+07 1.46972e+07 6077.28 -1931.98
8460 5.75646e+07 1.45812e+07 6070.67 -1933.66
8520 5.79286e+07 1.44651e+07 6064.13 -1935.31
8580 5.82923e+07 1.4349e+07 6057.66 -1936.92
8640 5.86555e+07 1.42327e+07 6051.25 -1938.48
8700 5.90184e+07 1.41163e+07 6044.91 -1940.01
8760 5.93809e+07 1.39999e+07 6038.62 -1941.5
8820 5.97431e+07 1.38834e+07 6032.4 -1942.96
8880 6.01048e+07 1.37667e+07 6026.25 -1944.38
8940 6.04662e+07 1.365e+07 6020.15 -1945.77
9000 6.08272e+07 1.35333e+07 6014.11 -1947.12
9060 6.11879e+07 1.34164e+07 6008.13 -1948.45
9120 6.15482e+07 1.32994e+07 6002.21 -1949.74
9180 6.19082e+07 1.31824e+07 5996.34 -1950.99
9240 6.22678e+07 1.30653e+07 5990.54 -1952.22
9300 6.2627e+07 1.29482e+07 5984.78 -1953.42
9360 6.2986e+07 1.28309e+07 5979.09 -1954.59
9420 6.33445e+07 1.27136e+07 5973.45 -1955.73
9480 6.37028e+07 1.25962e+07 5967.86 -1956.85
9540 6.40607e+07 1.24788e+07 5962.33 -1957.93
9600 6.44183e+07 1.23613e+07 5956.84 -1958.99
9660 6.47755e+07 1.22437e+07 5951.41 -1960.03
9720 6.51324e+07 1.21261e+07 5946.03 -1961.04
9780 6.5489e+07 1.20084e+07 5940.71 -1962.02
9840 6.58453e+07 1.18906e+07 5935.43 -1962.98
9900 6.62013e+07 1.17728e+07 5930.2 -1963.92
9960 6.65569e+07 1.1655e+07 5925.02 -1964.84
10020 6.69123e+07 1.1537e+07 5919.88 -1965.73
10080 6.72673e+07 1.14191e+07 5914.8 -1966.6
10140 6.76221e+07 1.13011e+07 5909.76 -1967.45
10200 6.79765e+07 1.1183e+07 5904.77 -1968.28
10260 6.83306e+07 1.10649e+07 5899.82 -1969.09
10320 6.86845e+07 1.09467e+07 5894.92 -1969.87
10380 6.9038e+07 1.08285e+07 5890.06 -1970.64
10440 6.93913e+07 1.07102e+07 5885.25 -1971.39
10500 6.97443e+07 1.05919e+07 5880.48 -1972.12
10560 7.00969e+07 1.04736e+07 5875.75 -1972.84
10620 7.04493e+07 1.03552e+07 5871.07 -1973.53
10680 7.08015e+07 1.02367e+07 5866.42 -1974.21
10740 7.11533e+07 1.01183e+07 5861.82 -1974.87
10800 7.15049e+07 9.99975e+06 5857.26 -1975.51
10860 7.18562e+07 9.8812e+06 5852.74 -1976.14
10920 7.22072e+07 9.76262e+06 5848.26 -1976.75
10980 7.2558e+07 9.64399e+06 5843.82 -1977.35
11040 7.29085e+07 9.52533e+06 5839.42 -1977.93
11100 7.32587e+07 9.40664e+06 5835.05 -1978.49
11160 7.36087e+07 9.28792e+06 5830.73 -1979.04
11220 7.39584e+07 9.16916e+06 5826.44 -1979.58
11280 7.43079e+07 9.05037e+06 5822.19 -1980.1
11340 7.46571e+07 8.93154e+06 5817.97 -1980.61
11400 7.5006e+07 8.81269e+06 5813.79 -1981.11
11460 7.53547e+07 8.69381e+06 5809.65 -1981.59
11520 7.57032e+07 8.5749e+06 5805.54 -1982.06
11580 7.60514e+07 8.45596e+06 5801.47 -1982.52
11640 7.63994e+07 8.337e+06 5797.43 -1982.97
11700 7.67471e+07 8.21801e+06 5793.42 -1983.4
11760 7.70946e+07 8.09899e+06 5789.45 -1983.82
11820 7.74418e+07 7.97995e+06 5785.51 -1984.23
11880 7.77888e+07 7.86088e+06 5781.61 -1984.63
11940 7.81356e+07 7.74179e+06 5777.73 -1985.02
12000 7.84822e+07 7.62268e+06 5773.89 -1985.39
12060 7.88285e+07 7.50355e+06 5770.08 -1985.76
12120 7.91746e+07 7.38439e+06 5766.3 -1986.12
12180 7.95204e+07 7.26521e+06 5762.56 -1986.46
12240 7.98661e+07 7.14602e+06 5758.84 -1986.8
12300 8.02115e+07 7.0268e+06 5755.15 -1987.13
12360 8.05567e+07 6.90756e+06 5751.5 -1987.44
12420 8.09017e+07 6.7883e+06 5747.87 -1987.75
12480 8.12464e+07 6.66903e+06 5744.27 -1988.05
12540 8.1591e+07 6.54974e+06 5740.7 -1988.34
12600 8.19353e+07 6.43043e+06 5737.16 -1988.62
12660 8.22794e+07 6.3111e+06 5733.65 -1988.9
12720 8.26234e+07 6.19176e+06 5730.17 -1989.16
12780 8.29671e+07 6.0724e+06 5726.71 -1989.42
12840 8.33106e+07 5.95303e+06 5723.28 -1989.67
12900 8.36539e+07 5.83365e+06 5719.88 -1989.91
12960 8.3997e+07 5.71424e+06 5716.5 -1990.14
13020 8.43398e+07 5.59483e+06 5713.15 -1990.36
13080 8.46825e+07 5.4754e+06 5709.83 -1990.58
13140 8.5025e+07 5.35596e+06 5706.53 -1990.79
13200 8.53673e+07 5.23651e+06 5703.26 -1991
13260 8.57094e+07 5.11704e+06 5700.01 -1991.19
13320 8.60513e+07 4.99756e+06 5696.79 -1991.38
13380 8.6393e+07 4.87807e+06 5693.59 -1991.57
13440 8.67345e+07 4.75857e+06 5690.41 -1991.74
13500 8.70759e+07 4.63906e+06 5687.26 -1991.91
13560 8.7417e+07 4.51954e+06 5684.14 -1992.08
13620 8.7758e+07 4.40002e+06 5681.04 -1992.24
13680 8.80987e+07 4.28048e+06 5677.96 -1992.39
13740 8.84393e+07 4.16093e+06 5674.9 -1992.53
13800 8.87797e+07 4.04137e+06 5671.87 -1992.68
13860 8.912e+07 3.92181e+06 5668.86 -1992.81
13920 8.946e+07 3.80224e+06 5665.87 -1992.94
13980 8.97999e+07 3.68266e+06 5662.91 -1993.06
14040 9.01395e+07 3.56307e+06 5659.96 -1993.18
14100 9.04791e+07 3.44347e+06 5657.04 -1993.3
14160 9.08184e+07 3.32387e+06 5654.14 -1993.4
14220 9.11576e+07 3.20426e+06 5651.26 -1993.51
14280 9.14965e+07 3.08465e+06 5648.4 -1993.61
14340 9.18354e+07 2.96503e+06 5645.56 -1993.7
14400 9.2174e+07 2.84541e+06 5642.74 -1993.79
14460 9.25125e+07 2.72578e+06 5639.95 -1993.87
14520 9.28508e+07 2.60614e+06 5637.17 -1993.95
14580 9.3189e+07 2.4865e+06 5634.41 -1994.03
14640 9.35269e+07 2.36686e+06 5631.68 -1994.1
14700 9.38648e+07 2.24721e+06 5628.96 -1994.17
14760 9.42024e+07 2.12756e+06 5626.26 -1994.23
14820 9.45399e+07 2.0079e+06 5623.58 -1994.29
14880 9.48772e+07 1.88824e+06 5620.92 -1994.34
14940 9.52144e+07 1.76858e+06 5618.27 -1994.4
15000 9.55514e+07 1.64892e+06 5615.65 -1994.44
15060 9.58883e+07 1.52925e+06 5613.05 -1994.49
15120 9.6225e+07 1.40958e+06 5610.46 -1994.53
15180 9.65615e+07 1.28991e+06 5607.89 -1994.56
15240 9.68979e+07 1.17023e+06 5605.34 -1994.59
15300 9.72342e+07 1.05055e+06 5602.8 -1994.62
15360 9.75703e+07 930877 5600.29 -1994.65
15420 9.79062e+07 811197 5597.79 -1994.67
15480 9.8242e+07 691516 5595.3 -1994.69
15540 9.85777e+07 571834 5592.84 -1994.71
15600 9.89132e+07 452152 5590.39 -1994.72
15660 9.92485e+07 332468 5587.96 -1994.73
15720 9.95837e+07 212784 5585.54 -1994.74
15780 9.99188e+07 93099.9 5583.14 -1994.74
15840 1.00254e+08 -26584.5 5580.76 -1994.74
15900 1.00588e+08 -146269 5578.39 -1994.74
15960 1.00923e+08 -265953 5576.04 -1994.73
16020 1.01258e+08 -385637 5573.7 -1994.73
16080 1.01592e+08 -505320 5571.38 -1994.72
16140 1.01926e+08 -625002 5569.07 -1994.7
16200 1.0226e+08 -744684 5566.78 -1994.69
16260 1.02594e+08 -864365 5564.51 -1994.67
16320 1.02928e+08 -984044 5562.25 -1994.65
16380 1.03262e+08 -1.10372e+06 5560 -1994.63
16440 1.03595e+08 -1.2234e+06 5557.77 -1994.6
16500 1.03929e+08 -1.34307e+06 5555.55 -1994.57
16560 1.04262e+08 -1.46275e+06 5553.35 -1994.54
16620 1.04595e+08 -1.58242e+06 5551.16 -1994.51
16680 1.04928e+08 -1.70209e+06 5548.99 -1994.48
16740 1.05261e+08 -1.82176e+06 5546.82 -1994.44
16800 1.05594e+08 -1.94142e+06 5544.68 -1994.4
16860 1.05926e+08 -2.06109e+06 5542.54 -1994.36
16920 1.06259e+08 -2.18075e+06 5540.43 -1994.32
16980 1.06591e+08 -2.3004e+06 5538.32 -1994.28
17040 1.06923e+08 -2.42006e+06 5536.23 -1994.23
17100 1.07255e+08 -2.53971e+06 5534.15 -1994.18
17160 1.07587e+08 -2.65936e+06 5532.08 -1994.13
17220 1.07919e+08 -2.77901e+06 5530.03 -1994.08
17280 1.08251e+08 -2.89865e+06 5527.98 -1994.02
17340 1.08583e+08 -3.01829e+06 5525.96 -1993.97
17400 1.08914e+08 -3.13793e+06 5523.94 -1993.91
17460 1.09245e+08 -3.25756e+06 5521.94 -1993.85
17520 1.09577e+08 -3.37719e+06 5519.94 -1993.79
17580 1.09908e+08 -3.49681e+06 5517.97 -1993.73
17640 1.10239e+08 -3.61644e+06 5516 -1993.67
17700 1.1057e+08 -3.73605e+06 5514.04 -1993.6
17760 1.10901e+08 -3.85567e+06 5512.1 -1993.53
17820 1.11231e+08 -3.97528e+06 5510.17 -1993.47
17880 1.11562e+08 -4.09488e+06 5508.25 -1993.4
17940 1.11892e+08 -4.21449e+06 5506.34 -1993.33
18000 1.12223e+08 -4.33408e+06 5504.45 -1993.25
18060 1.12553e+08 -4.45368e+06 5502.56 -1993.18
18120 1.12883e+08 -4.57326e+06 5500.69 -1993.1
18180 1.13213e+08 -4.69285e+06 5498.82 -1993.03
18240 1.13543e+08 -4.81243e+06 5496.97 -1992.95
18300 1.13873e+08 -4.932e+06 5495.13 -1992.87
18360 1.14202e+08 -5.05157e+06 5493.3 -1992.79
18420 1.14532e+08 -5.17114e+06 5491.48 -1992.71
18480 1.14861e+08 -5.2907e+06 5489.68 -1992.63
18540 1.1519e+08 -5.41025e+06 5487.88 -1992.54
18600 1.1552e+08 -5.5298e+06 5486.09 -1992.46
18660 1.15849e+08 -5.64935e+06 5484.31 -1992.37
18720 1.16178e+08 -5.76889e+06 5482.55 -1992.28
18780 1.16507e+08 -5.88842e+06 5480.79 -1992.19
18840 1.16835e+08 -6.00795e+06 5479.05 -1992.11
18900 1.17164e+08 -6.12747e+06 5477.31 -1992.02
18960 1.17493e+08 -6.24699e+06 5475.58 -1991.92
19020 1.17821e+08 -6.3665e+06 5473.87 -1991.83
19080 1.1815e+08 -6.48601e+06 5472.16 -1991.74
19140 1.18478e+08 -6.60551e+06 5470.46 -1991.64
19200 1.18806e+08 -6.72501e+06 5468.78 -1991.55
19260 1.19134e+08 -6.8445e+06 5467.1 -1991.45
19320 1.19462e+08 -6.96398e+06 5465.43 -1991.36
19380 1.1979e+08 -7.08346e+06 5463.77 -1991.26
19440 1.20118e+08 -7.20293e+06 5462.13 -1991.16
19500 1.20445e+08 -7.3224e+06 5460.49 -1991.06
19560 1.20773e+08 -7.44186e+06 5458.86 -1990.96
19620 1.21101e+08 -7.56132e+06 5457.23 -1990.86
19680 1.21428e+08 -7.68076e+06 5455.62 -1990.76
19740 1.21755e+08 -7.80021e+06 5454.02 -1990.66
19800 1.22082e+08 -7.91964e+06 5452.42 -1990.55
19860 1.2241e+08 -8.03907e+06 5450.84 -1990.45
19920 1.22737e+08 -8.1585e+06 5449.26 -1990.34
19980 1.23063e+08 -8.27791e+06 5447.69 -1990.24
20040 1.2339e+08 -8.39733e+06 5446.13 -1990.13
20100 1.23717e+08 -8.51673e+06 5444.58 -1990.03
20160 1.24044e+08 -8.63613e+06 5443.04 -1989.92
20220 1.2437e+08 -8.75552e+06 5441.5 -1989.81
20280 1.24697e+08 -8.87491e+06 5439.98 -1989.7
20340 1.25023e+08 -8.99428e+06 5438.46 -1989.59
20400 1.25349e+08 -9.11366e+06 5436.95 -1989.48
20460 1.25675e+08 -9.23302e+06 5435.45 -1989.37
20520 1.26001e+08 -9.35238e+06 5433.95 -1989.26
20580 1.26327e+08 -9.47173e+06 5432.47 -1989.15
20640 1.26653e+08 -9.59108e+06 5430.99 -1989.04
20700 1.26979e+08 -9.71042e+06 5429.52 -1988.93
20760 1.27305e+08 -9.82975e+06 5428.06 -1988.81
20820 1.27631e+08 -9.94908e+06 5426.6 -1988.7
20880 1.27956e+08 -1.00684e+07 5425.16 -1988.59
20940 1.28282e+08 -1.01877e+07 5423.72 -1988.47
21000 1.28607e+08 -1.0307e+07 5422.29 -1988.36
21060 1.28932e+08 -1.04263e+07 5420.86 -1988.24
21120 1.29257e+08 -1.05456e+07 5419.45 -1988.13
21180 1.29583e+08 -1.06649e+07 5418.04 -1988.01
21240 1.29908e+08 -1.07842e+07 5416.64 -1987.89
21300 1.30233e+08 -1.09034e+07 5415.24 -1987.78
21360 1.30557e+08 -1.10227e+07 5413.85 -1987.66
21420 1.30882e+08 -1.1142e+07 5412.47 -1987.54
21480 1.31207e+08 -1.12612e+07 5411.1 -1987.42
21540 1.31532e+08 -1.13804e+07 5409.74 -1987.31
21600 1.31856e+08 -1.14997e+07 5408.38 -1987.19
21660 1.32181e+08 -1.16189e+07 5407.02 -1987.07
21720 1.32505e+08 -1.17381e+07 5405.68 -1986.95
21780 1.32829e+08 -1.18573e+07 5404.34 -1986.83
21840 1.33153e+08 -1.19765e+07 5403.01 -1986.71
21900 1.33478e+08 -1.20957e+07 5401.69 -1986.59
21960 1.33802e+08 -1.22149e+07 5400.37 -1986.47
22020 1.34126e+08 -1.23341e+07 5399.06 -1986.35
22080 1.3445e+08 -1.24533e+07 5397.75 -1986.23
22140 1.34773e+08 -1.25725e+07 5396.45 -1986.11
22200 1.35097e+08 -1.26916e+07 5395.16 -1985.98
22260 1.35421e+08 -1.28108e+07 5393.88 -1985.86
22320 1.35744e+08 -1.29299e+07 5392.6 -1985.74
22380 1.36068e+08 -1.30491e+07 5391.32 -1985.62
22440 1.36391e+08 -1.31682e+07 5390.06 -1985.5
22500 1.36715e+08 -1.32873e+07 5388.8 -1985.37
22560 1.37038e+08 -1.34065e+07 5387.54 -1985.25
22620 1.37361e+08 -1.35256e+07 5386.3 -1985.13
22680 1.37684e+08 -1.36447e+07 5385.06 -1985
22740 1.38007e+08 -1.37638e+07 5383.82 -1984.88
22800 1.3833e+08 -1.38829e+07 5382.59 -1984.76
22860 1.38653e+08 -1.40019e+07 5381.37 -1984.63
22920 1.38976e+08 -1.4121e+07 5380.15 -1984.51
22980 1.39299e+08 -1.42401e+07 5378.94 -1984.38
23040 1.39622e+08 -1.43591e+07 5377.73 -1984.26
23100 1.39944e+08 -1.44782e+07 5376.53 -1984.13
23160 1.40267e+08 -1.45972e+07 5375.34 -1984.01
23220 1.40589e+08 -1.47163e+07 5374.15 -1983.89
23280 1.40912e+08 -1.48353e+07 5372.97 -1983.76
23340 1.41234e+08 -1.49543e+07 5371.79 -1983.64
23400 1.41556e+08 -1.50733e+07 5370.62 -1983.51
23460 1.41879e+08 -1.51923e+07 5369.45 -1983.38
23520 1.42201e+08 -1.53113e+07 5368.29 -1983.26
23580 1.42523e+08 -1.54303e+07 5367.14 -1983.13
23640 1.42845e+08 -1.55493e+07 5365.99 -1983.01
23700 1.43167e+08 -1.56683e+07 5364.85 -1982.88
23760 1.43488e+08 -1.57873e+07 5363.71 -1982.76
23820 1.4381e+08 -1.59062e+07 5362.58 -1982.63
23880 1.44132e+08 -1.60252e+07 5361.45 -1982.5
23940 1.44454e+08 -1.61441e+07 5360.32 -1982.38
24000 1.44775e+08 -1.62631e+07 5359.21 -1982.25
24060 1.45097e+08 -1.6382e+07 5358.1 -1982.13
24120 1.45418e+08 -1.65009e+07 5356.99 -1982
24180 1.4574e+08 -1.66198e+07 5355.89 -1981.87
24240 1.46061e+08 -1.67387e+07 5354.79 -1981.75
24300 1.46382e+08 -1.68576e+07 5353.7 -1981.62
24360 1.46703e+08 -1.69765e+07 5352.61 -1981.49
24420 1.47024e+08 -1.70954e+07 5351.53 -1981.37
24480 1.47346e+08 -1.72143e+07 5350.45 -1981.24
24540 1.47667e+08 -1.73332e+07 5349.38 -1981.12
24600 1.47987e+08 -1.7452e+07 5348.32 -1980.99
24660 1.48308e+08 -1.75709e+07 5347.25 -1980.86
24720 1.48629e+08 -1.76897e+07 5346.2 -1980.74
24780 1.4895e+08 -1.78086e+07 5345.14 -1980.61
24840 1.49271e+08 -1.79274e+07 5344.1 -1980.48
24900 1.49591e+08 -1.80462e+07 5343.05 -1980.36
24960 1.49912e+08 -1.81651e+07 5342.01 -1980.23
25020 1.50232e+08 -1.82839e+07 5340.98 -1980.1
25080 1.50553e+08 -1.84027e+07 5339.95 -1979.98
25140 1.50873e+08 -1.85215e+07 5338.93 -1979.85
25200 1.51193e+08 -1.86402e+07 5337.91 -1979.72
25260 1.51514e+08 -1.8759e+07 5336.89 -1979.6
25320 1.51834e+08 -1.88778e+07 5335.88 -1979.47
25380 1.52154e+08 -1.89966e+07 5334.88 -1979.34
25440 1.52474e+08 -1.91153e+07 5333.87 -1979.22
25500 1.52794e+08 -1.92341e+07 5332.88 -1979.09
25560 1.53114e+08 -1.93528e+07 5331.88 -1978.96
25620 1.53434e+08 -1.94715e+07 5330.9 -1978.84
25680 1.53754e+08 -1.95903e+07 5329.91 -1978.71
25740 1.54073e+08 -1.9709e+07 5328.93 -1978.59
25800 1.54393e+08 -1.98277e+07 5327.96 -1978.46
25860 1.54713e+08 -1.99464e+07 5326.99 -1978.33
25920 1.55032e+08 -2.00651e+07 5326.02 -1978.21
25980 1.55352e+08 -2.01838e+07 5325.06 -1978.08
26040 1.55671e+08 -2.03025e+07 5324.1 -1977.96
26100 1.55991e+08 -2.04211e+07 5323.14 -1977.83
26160 1.5631e+08 -2.05398e+07 5322.19 -1977.7
26220 1.56629e+08 -2.06585e+07 5321.24 -1977.58
26280 1.56949e+08 -2.07771e+07 5320.3 -1977.45
26340 1.57268e+08 -2.08958e+07 5319.36 -1977.33
26400 1.57587e+08 -2.10144e+07 5318.43 -1977.2
26460 1.57906e+08 -2.1133e+07 5317.5 -1977.07
26520 1.58225e+08 -2.12517e+07 5316.57 -1976.95
26580 1.58544e+08 -2.13703e+07 5315.65 -1976.82
26640 1.58863e+08 -2.14889e+07 5314.73 -1976.7
26700 1.59182e+08 -2.16075e+07 5313.82 -1976.57
26760 1.59501e+08 -2.17261e+07 5312.91 -1976.45
26820 1.59819e+08 -2.18446e+07 5312 -1976.32
26880 1.60138e+08 -2.19632e+07 5311.1 -1976.2
26940 1.60457e+08 -2.20818e+07 5310.2 -1976.07
27000 1.60775e+08 -2.22003e+07 5309.3 -1975.95
27060 1.61094e+08 -2.23189e+07 5308.41 -1975.82
27120 1.61412e+08 -2.24374e+07 5307.52 -1975.7
27180 1.61731e+08 -2.2556e+07 5306.64 -1975.57
27240 1.62049e+08 -2.26745e+07 5305.76 -1975.45
27300 1.62367e+08 -2.2793e+07 5304.88 -1975.33
27360 1.62686e+08 -2.29116e+07 5304.01 -1975.2
27420 1.63004e+08 -2.30301e+07 5303.14 -1975.08
27480 1.63322e+08 -2.31486e+07 5302.27 -1974.95
27540 1.6364e+08 -2.32671e+07 5301.41 -1974.83
27600 1.63958e+08 -2.33855e+07 5300.55 -1974.71
27660 1.64276e+08 -2.3504e+07 5299.7 -1974.58
27720 1.64594e+08 -2.36225e+07 5298.84 -1974.46
27780 1.64912e+08 -2.3741e+07 5298 -1974.34
27840 1.6523e+08 -2.38594e+07 5297.15 -1974.21
27900 1.65548e+08 -2.39779e+07 5296.31 -1974.09
27960 1.65865e+08 -2.40963e+07 5295.47 -1973.97
28020 1.66183e+08 -2.42147e+07 5294.64 -1973.84
28080 1.66501e+08 -2.43332e+07 5293.8 -1973.72
28140 1.66818e+08 -2.44516e+07 5292.98 -1973.6
28200 1.67136e+08 -2.457e+07 5292.15 -1973.47
28260 1.67453e+08 -2.46884e+07 5291.33 -1973.35
28320 1.67771e+08 -2.48068e+07 5290.51 -1973.23
28380 1.68088e+08 -2.49252e+07 5289.7 -1973.11
28440 1.68406e+08 -2.50436e+07 5288.89 -1972.98
28500 1.68723e+08 -2.51619e+07 5288.08 -1972.86
28560 1.6904e+08 -2.52803e+07 5287.27 -1972.74
28620 1.69357e+08 -2.53987e+07 5286.47 -1972.62
28680 1.69675e+08 -2.5517e+07 5285.67 -1972.5
28740 1.69992e+08 -2.56354e+07 5284.88 -1972.38
28800 1.70309e+08 -2.57537e+07 5284.08 -1972.25
28860 1.70626e+08 -2.5872e+07 5283.3 -1972.13
28920 1.70943e+08 -2.59904e+07 5282.51 -1972.01
28980 1.7126e+08 -2.61087e+07 5281.73 -1971.89
29040 1.71577e+08 -2.6227e+07 5280.95 -1971.77
29100 1.71893e+08 -2.63453e+07 5280.17 -1971.65
29160 1.7221e+08 -2.64636e+07 5279.4 -1971.53
29220 1.72527e+08 -2.65819e+07 5278.63 -1971.41
29280 1.72844e+08 -2.67002e+07 5277.86 -1971.29
29340 1.7316e+08 -2.68184e+07 5277.09 -1971.17
29400 1.73477e+08 -2.69367e+07 5276.33 -1971.05
29460 1.73794e+08 -2.7055e+07 5275.57 -1970.93
29520 1.7411e+08 -2.71732e+07 5274.82 -1970.81
29580 1.74426e+08 -2.72915e+07 5274.06 -1970.69
29640 1.74743e+08 -2.74097e+07 5273.31 -1970.57
29700 1.75059e+08 -2.75279e+07 5272.57 -1970.45
29760 1.75376e+08 -2.76462e+07 5271.82 -1970.33
29820 1.75692e+08 -2.77644e+07 5271.08 -1970.21
29880 1.76008e+08 -2.78826e+07 5270.34 -1970.09
29940 1.76324e+08 -2.80008e+07 5269.61 -1969.98
30000 1.7664e+08 -2.8119e+07 5268.87 -1969.86
30060 1.76957e+08 -2.82372e+07 5268.14 -1969.74
30120 1.77273e+08 -2.83553e+07 5267.41 -1969.62
30180 1.77589e+08 -2.84735e+07 5266.69 -1969.5
30240 1.77905e+08 -2.85917e+07 5265.97 -1969.38
30300 1.78221e+08 -2.87098e+07 5265.25 -1969.27
30360 1.78537e+08 -2.8828e+07 5264.53 -1969.15
30420 1.78852e+08 -2.89461e+07 5263.82 -1969.03
30480 1.79168e+08 -2.90643e+07 5263.11 -1968.91
30540 1.79484e+08 -2.91824e+07 5262.4 -1968.8
30600 1.798e+08 -2.93005e+07 5261.69 -1968.68
30660 1.80115e+08 -2.94187e+07 5260.99 -1968.56
30720 1.80431e+08 -2.95368e+07 5260.29 -1968.45
30780 1.80747e+08 -2.96549e+07 5259.59 -1968.33
30840 1.81062e+08 -2.9773e+07 5258.9 -1968.21
30900 1.81378e+08 -2.98911e+07 5258.2 -1968.1
30960 1.81693e+08 -3.00091e+07 5257.51 -1967.98
31020 1.82009e+08 -3.01272e+07 5256.83 -1967.87
31080 1.82324e+08 -3.02453e+07 5256.14 -1967.75
31140 1.82639e+08 -3.03633e+07 5255.46 -1967.64
31200 1.82955e+08 -3.04814e+07 5254.78 -1967.52
31260 1.8327e+08 -3.05994e+07 5254.1 -1967.4
31320 1.83585e+08 -3.07175e+07 5253.43 -1967.29
31380 1.839e+08 -3.08355e+07 5252.75 -1967.17
31440 1.84215e+08 -3.09535e+07 5252.08 -1967.06
31500 1.84531e+08 -3.10716e+07 5251.42 -1966.95
31560 1.84846e+08 -3.11896e+07 5250.75 -1966.83
31620 1.85161e+08 -3.13076e+07 5250.09 -1966.72
31680 1.85476e+08 -3.14256e+07 5249.43 -1966.6
31740 1.85791e+08 -3.15436e+07 5248.77 -1966.49
31800 1.86105e+08 -3.16616e+07 5248.11 -1966.37
31860 1.8642e+08 -3.17795e+07 5247.46 -1966.26
31920 1.86735e+08 -3.18975e+07 5246.81 -1966.15
31980 1.8705e+08 -3.20155e+07 5246.16 -1966.03
32040 1.87365e+08 -3.21334e+07 5245.52 -1965.92
32100 1.87679e+08 -3.22514e+07 5244.87 -1965.81
32160 1.87994e+08 -3.23693e+07 5244.23 -1965.7
32220 1.88309e+08 -3.24873e+07 5243.59 -1965.58
32280 1.88623e+08 -3.26052e+07 5242.95 -1965.47
32340 1.88938e+08 -3.27231e+07 5242.32 -1965.36
32400 1.89252e+08 -3.2841e+07 5241.69 -1965.25
32460 1.89567e+08 -3.2959e+07 5241.06 -1965.13
32520 1.89881e+08 -3.30769e+07 5240.43 -1965.02
32580 1.90196e+08 -3.31948e+07 5239.8 -1964.91
32640 1.9051e+08 -3.33127e+07 5239.18 -1964.8
32700 1.90824e+08 -3.34305e+07 5238.56 -1964.69
32760 1.91139e+08 -3.35484e+07 5237.94 -1964.58
32820 1.91453e+08 -3.36663e+07 5237.32 -1964.47
32880 1.91767e+08 -3.37842e+07 5236.71 -1964.35
32940 1.92081e+08 -3.3902e+07 5236.1 -1964.24
33000 1.92396e+08 -3.40199e+07 5235.49 -1964.13
33060 1.9271e+08 -3.41377e+07 5234.88 -1964.02
33120 1.93024e+08 -3.42555e+07 5234.27 -1963.91
33180 1.93338e+08 -3.43734e+07 5233.67 -1963.8
33240 1.93652e+08 -3.44912e+07 5233.07 -1963.69
33300 1.93966e+08 -3.4609e+07 5232.47 -1963.58
33360 1.9428e+08 -3.47268e+07 5231.87 -1963.47
33420 1.94594e+08 -3.48446e+07 5231.27 -1963.36
33480 1.94907e+08 -3.49624e+07 5230.68 -1963.26
33540 1.95221e+08 -3.50802e+07 5230.09 -1963.15
33600 1.95535e+08 -3.5198e+07 5229.5 -1963.04
33660 1.95849e+08 -3.53158e+07 5228.91 -1962.93
33720 1.96162e+08 -3.54336e+07 5228.32 -1962.82
33780 1.96476e+08 -3.55513e+07 5227.74 -1962.71
33840 1.9679e+08 -3.56691e+07 5227.16 -1962.6
33900 1.97103e+08 -3.57868e+07 5226.58 -1962.5
33960 1.97417e+08 -3.59046e+07 5226 -1962.39
34020 1.97731e+08 -3.60223e+07 5225.43 -1962.28
34080 1.98044e+08 -3.61401e+07 5224.85 -1962.17
34140 1.98358e+08 -3.62578e+07 5224.28 -1962.06
34200 1.98671e+08 -3.63755e+07 5223.71 -1961.96
34260 1.98984e+08 -3.64932e+07 5223.15 -1961.85
34320 1.99298e+08 -3.66109e+07 5222.58 -1961.74
34380 1.99611e+08 -3.67286e+07 5222.02 -1961.64
34440 1.99924e+08 -3.68463e+07 5221.45 -1961.53
34500 2.00238e+08 -3.6964e+07 5220.89 -1961.42
34560 2.00551e+08 -3.70817e+07 5220.34 -1961.32
34620 2.00864e+08 -3.71994e+07 5219.78 -1961.21
34680 2.01177e+08 -3.7317e+07 5219.23 -1961.11
34740 2.0149e+08 -3.74347e+07 5218.67 -1961
34800 2.01803e+08 -3.75524e+07 5218.12 -1960.89
34860 2.02117e+08 -3.767e+07 5217.57 -1960.79
34920 2.0243e+08 -3.77877e+07 5217.03 -1960.68
34980 2.02743e+08 -3.79053e+07 5216.48 -1960.58
35040 2.03056e+08 -3.80229e+07 5215.94 -1960.47
35100 2.03369e+08 -3.81406e+07 5215.4 -1960.37
35160 2.03681e+08 -3.82582e+07 5214.86 -1960.26
35220 2.03994e+08 -3.83758e+07 5214.32 -1960.16
35280 2.04307e+08 -3.84934e+07 5213.78 -1960.05
35340 2.0462e+08 -3.8611e+07 5213.25 -1959.95
35400 2.04933e+08 -3.87286e+07 5212.72 -1959.85
35460 2.05245e+08 -3.88462e+07 5212.18 -1959.74
35520 2.05558e+08 -3.89638e+07 5211.66 -1959.64
35580 2.05871e+08 -3.90813e+07 5211.13 -1959.54
35640 2.06184e+08 -3.91989e+07 5210.6 -1959.43
35700 2.06496e+08 -3.93165e+07 5210.08 -1959.33
35760 2.06809e+08 -3.9434e+07 5209.56 -1959.23
35820 2.07121e+08 -3.95516e+07 5209.04 -1959.12
35880 2.07434e+08 -3.96691e+07 5208.52 -1959.02
35940 2.07746e+08 -3.97867e+07 5208 -1958.92
36000 2.08059e+08 -3.99042e+07 5207.48 -1958.82
36060 2.08371e+08 -4.00217e+07 5206.97 -1958.71
36120 2.08684e+08 -4.01392e+07 5206.46 -1958.61
36180 2.08996e+08 -4.02567e+07 5205.95 -1958.51
36240 2.09308e+08 -4.03742e+07 5205.44 -1958.41
36300 2.09621e+08 -4.04918e+07 5204.93 -1958.31
36360 2.09933e+08 -4.06092e+07 5204.43 -1958.2
36420 2.10245e+08 -4.07267e+07 5203.92 -1958.1
36480 2.10557e+08 -4.08442e+07 5203.42 -1958
36540 2.1087e+08 -4.09617e+07 5202.92 -1957.9
36600 2.11182e+08 -4.10792e+07 5202.42 -1957.8
36660 2.11494e+08 -4.11966e+07 5201.92 -1957.7
36720 2.11806e+08 -4.13141e+07 5201.43 -1957.6
36780 2.12118e+08 -4.14315e+07 5200.93 -1957.5
36840 2.1243e+08 -4.1549e+07 5200.44 -1957.4
36900 2.12742e+08 -4.16664e+07 5199.95 -1957.3
36960 2.13054e+08 -4.17839e+07 5199.46 -1957.2
37020 2.13366e+08 -4.19013e+07 5198.97 -1957.1
37080 2.13678e+08 -4.20187e+07 5198.49 -1957
37140 2.1399e+08 -4.21361e+07 5198 -1956.9
37200 2.14302e+08 -4.22535e+07 5197.52 -1956.8
37260 2.14614e+08 -4.23709e+07 5197.04 -1956.7
37320 2.14925e+08 -4.24883e+07 5196.56 -1956.6
37380 2.15237e+08 -4.26057e+07 5196.08 -1956.5
37440 2.15549e+08 -4.27231e+07 5195.6 -1956.4
37500 2.15861e+08 -4.28405e+07 5195.13 -1956.3
37560 2.16172e+08 -4.29579e+07 5194.65 -1956.21
37620 2.16484e+08 -4.30753e+07 5194.18 -1956.11
37680 2.16796e+08 -4.31926e+07 5193.71 -1956.01
37740 2.17107e+08 -4.331e+07 5193.24 -1955.91
37800 2.17419e+08 -4.34273e+07 5192.77 -1955.81
37860 2.1773e+08 -4.35447e+07 5192.3 -1955.72
37920 2.18042e+08 -4.3662e+07 5191.84 -1955.62
37980 2.18353e+08 -4.37793e+07 5191.37 -1955.52
38040 2.18665e+08 -4.38967e+07 5190.91 -1955.42
38100 2.18976e+08 -4.4014e+07 5190.45 -1955.33
38160 2.19288e+08 -4.41313e+07 5189.99 -1955.23
38220 2.19599e+08 -4.42486e+07 5189.53 -1955.13
38280 2.1991e+08 -4.43659e+07 5189.08 -1955.04
38340 2.20222e+08 -4.44832e+07 5188.62 -1954.94
38400 2.20533e+08 -4.46005e+07 5188.17 -1954.84
38460 2.20844e+08 -4.47178e+07 5187.71 -1954.75
38520 2.21156e+08 -4.48351e+07 5187.26 -1954.65
38580 2.21467e+08 -4.49524e+07 5186.81 -1954.55
38640 2.21778e+08 -4.50696e+07 5186.36 -1954.46
38700 2.22089e+08 -4.51869e+07 5185.92 -1954.36
38760 2.224e+08 -4.53042e+07 5185.47 -1954.27
38820 2.22711e+08 -4.54214e+07 5185.03 -1954.17
38880 2.23023e+08 -4.55387e+07 5184.59 -1954.08
38940 2.23334e+08 -4.56559e+07 5184.14 -1953.98
39000 2.23645e+08 -4.57731e+07 5183.7 -1953.89
39060 2.23956e+08 -4.58904e+07 5183.26 -1953.79
39120 2.24267e+08 -4.60076e+07 5182.83 -1953.7
39180 2.24578e+08 -4.61248e+07 5182.39 -1953.6
39240 2.24889e+08 -4.6242e+07 5181.96 -1953.51
39300 2.25199e+08 -4.63592e+07 5181.52 -1953.41
39360 2.2551e+08 -4.64764e+07 5181.09 -1953.32
39420 2.25821e+08 -4.65936e+07 5180.66 -1953.23
39480 2.26132e+08 -4.67108e+07 5180.23 -1953.13
39540 2.26443e+08 -4.6828e+07 5179.8 -1953.04
39600 2.26754e+08 -4.69452e+07 5179.37 -1952.95
39660 2.27064e+08 -4.70624e+07 5178.95 -1952.85
39720 2.27375e+08 -4.71795e+07 5178.52 -1952.76
39780 2.27686e+08 -4.72967e+07 5178.1 -1952.67
39840 2.27996e+08 -4.74139e+07 5177.68 -1952.57
39900 2.28307e+08 -4.7531e+07 5177.26 -1952.48
39960 2.28618e+08 -4.76482e+07 5176.84 -1952.39
40020 2.28928e+08 -4.77653e+07 5176.42 -1952.29
40080 2.29239e+08 -4.78824e+07 5176 -1952.2
40140 2.29549e+08 -4.79996e+07 5175.59 -1952.11
40200 2.2986e+08 -4.81167e+07 5175.18 -1952.02
40260 2.3017e+08 -4.82338e+07 5174.76 -1951.92
40320 2.30481e+08 -4.83509e+07 5174.35 -1951.83
40380 2.30791e+08 -4.8468e+07 5173.94 -1951.74
40440 2.31102e+08 -4.85851e+07 5173.53 -1951.65
40500 2.31412e+08 -4.87022e+07 5173.12 -1951.56
40560 2.31723e+08 -4.88193e+07 5172.71 -1951.47
40620 2.32033e+08 -4.89364e+07 5172.31 -1951.37
40680 2.32343e+08 -4.90535e+07 5171.9 -1951.28
40740 2.32653e+08 -4.91705e+07 5171.5 -1951.19
40800 2.32964e+08 -4.92876e+07 5171.1 -1951.1
40860 2.33274e+08 -4.94047e+07 5170.7 -1951.01
40920 2.33584e+08 -4.95217e+07 5170.3 -1950.92
40980 2.33894e+08 -4.96388e+07 5169.9 -1950.83
41040 2.34205e+08 -4.97558e+07 5169.5 -1950.74
41100 2.34515e+08 -4.98729e+07 5169.11 -1950.65
41160 2.34825e+08 -4.99899e+07 5168.71 -1950.56
41220 2.35135e+08 -5.01069e+07 5168.32 -1950.47
41280 2.35445e+08 -5.0224e+07 5167.92 -1950.38
41340 2.35755e+08 -5.0341e+07 5167.53 -1950.29
41400 2.36065e+08 -5.0458e+07 5167.14 -1950.2
41460 2.36375e+08 -5.0575e+07 5166.75 -1950.11
41520 2.36685e+08 -5.0692e+07 5166.36 -1950.02
41580 2.36995e+08 -5.0809e+07 5165.98 -1949.93
41640 2.37305e+08 -5.0926e+07 5165.59 -1949.84
41700 2.37615e+08 -5.1043e+07 5165.21 -1949.75
41760 2.37925e+08 -5.116e+07 5164.82 -1949.66
41820 2.38235e+08 -5.1277e+07 5164.44 -1949.57
41880 2.38545e+08 -5.13939e+07 5164.06 -1949.49
41940 2.38855e+08 -5.15109e+07 5163.68 -1949.4
42000 2.39164e+08 -5.16279e+07 5163.3 -1949.31
42060 2.39474e+08 -5.17448e+07 5162.92 -1949.22
42120 2.39784e+08 -5.18618e+07 5162.54 -1949.13
42180 2.40094e+08 -5.19787e+07 5162.17 -1949.04
42240 2.40403e+08 -5.20956e+07 5161.79 -1948.96
42300 2.40713e+08 -5.22126e+07 5161.42 -1948.87
42360 2.41023e+08 -5.23295e+07 5161.04 -1948.78
42420 2.41332e+08 -5.24464e+07 5160.67 -1948.69
42480 2.41642e+08 -5.25634e+07 5160.3 -1948.6
42540 2.41952e+08 -5.26803e+07 5159.93 -1948.52
42600 2.42261e+08 -5.27972e+07 5159.56 -1948.43
42660 2.42571e+08 -5.29141e+07 5159.2 -1948.34
42720 2.4288e+08 -5.3031e+07 5158.83 -1948.26
42780 2.4319e+08 -5.31479e+07 5158.46 -1948.17
42840 2.43499e+08 -5.32648e+07 5158.1 -1948.08
42900 2.43809e+08 -5.33816e+07 5157.74 -1947.99
42960 2.44118e+08 -5.34985e+07 5157.37 -1947.91
43020 2.44428e+08 -5.36154e+07 5157.01 -1947.82
43080 2.44737e+08 -5.37323e+07 5156.65 -1947.73
43140 2.45046e+08 -5.38491e+07 5156.29 -1947.65
43200 2.45356e+08 -5.3966e+07 5155.93 -1947.56
43260 2.45665e+08 -5.40828e+07 5155.58 -1947.48
43320 2.45975e+08 -5.41997e+07 5155.22 -1947.39
43380 2.46284e+08 -5.43165e+07 5154.87 -1947.3
43440 2.46593e+08 -5.44333e+07 5154.51 -1947.22
43500 2.46902e+08 -5.45502e+07 5154.16 -1947.13
43560 2.47212e+08 -5.4667e+07 5153.81 -1947.05
43620 2.47521e+08 -5.47838e+07 5153.45 -1946.96
43680 2.4783e+08 -5.49006e+07 5153.1 -1946.88
43740 2.48139e+08 -5.50174e+07 5152.75 -1946.79
43800 2.48448e+08 -5.51343e+07 5152.41 -1946.71
43860 2.48757e+08 -5.52511e+07 5152.06 -1946.62
43920 2.49067e+08 -5.53678e+07 5151.71 -1946.54
43980 2.49376e+08 -5.54846e+07 5151.37 -1946.45
44040 2.49685e+08 -5.56014e+07 5151.02 -1946.37
44100 2.49994e+08 -5.57182e+07 5150.68 -1946.28
44160 2.50303e+08 -5.5835e+07 5150.34 -1946.2
44220 2.50612e+08 -5.59517e+07 5150 -1946.11
44280 2.50921e+08 -5.60685e+07 5149.65 -1946.03
44340 2.5123e+08 -5.61853e+07 5149.31 -1945.94
44400 2.51539e+08 -5.6302e+07 5148.98 -1945.86
44460 2.51848e+08 -5.64188e+07 5148.64 -1945.78
44520 2.52157e+08 -5.65355e+07 5148.3 -1945.69
44580 2.52465e+08 -5.66523e+07 5147.97 -1945.61
44640 2.52774e+08 -5.6769e+07 5147.63 -1945.52
44700 2.53083e+08 -5.68857e+07 5147.3 -1945.44
44760 2.53392e+08 -5.70024e+07 5146.96 -1945.36
44820 2.53701e+08 -5.71192e+07 5146.63 -1945.27
44880 2.5401e+08 -5.72359e+07 5146.3 -1945.19
44940 2.54318e+08 -5.73526e+07 5145.97 -1945.11
45000 2.54627e+08 -5.74693e+07 5145.64 -1945.02
45060 2.54936e+08 -5.7586e+07 5145.31 -1944.94
45120 2.55245e+08 -5.77027e+07 5144.98 -1944.86
45180 2.55553e+08 -5.78194e+07 5144.66 -1944.77
45240 2.55862e+08 -5.79361e+07 5144.33 -1944.69
45300 2.56171e+08 -5.80527e+07 5144.01 -1944.61
45360 2.56479e+08 -5.81694e+07 5143.68 -1944.53
45420 2.56788e+08 -5.82861e+07 5143.36 -1944.44
45480 2.57096e+08 -5.84027e+07 5143.04 -1944.36
45540 2.57405e+08 -5.85194e+07 5142.72 -1944.28
45600 2.57714e+08 -5.86361e+07 5142.39 -1944.2
45660 2.58022e+08 -5.87527e+07 5142.07 -1944.11
45720 2.58331e+08 -5.88693e+07 5141.76 -1944.03
45780 2.58639e+08 -5.8986e+07 5141.44 -1943.95
45840 2.58948e+08 -5.91026e+07 5141.12 -1943.87
45900 2.59256e+08 -5.92192e+07 5140.8 -1943.79
45960 2.59564e+08 -5.93359e+07 5140.49 -1943.7
46020 2.59873e+08 -5.94525e+07 5140.17 -1943.62
46080 2.60181e+08 -5.95691e+07 5139.86 -1943.54
46140 2.6049e+08 -5.96857e+07 5139.55 -1943.46
46200 2.60798e+08 -5.98023e+07 5139.24 -1943.38
46260 2.61106e+08 -5.99189e+07 5138.93 -1943.3
46320 2.61415e+08 -6.00355e+07 5138.61 -1943.21
46380 2.61723e+08 -6.01521e+07 5138.31 -1943.13
46440 2.62031e+08 -6.02687e+07 5138 -1943.05
46500 2.6234e+08 -6.03853e+07 5137.69 -1942.97
46560 2.62648e+08 -6.05019e+07 5137.38 -1942.89
46620 2.62956e+08 -6.06184e+07 5137.08 -1942.81
46680 2.63264e+08 -6.0735e+07 5136.77 -1942.73
46740 2.63572e+08 -6.08515e+07 5136.47 -1942.65
46800 2.63881e+08 -6.09681e+07 5136.16 -1942.57
46860 2.64189e+08 -6.10847e+07 5135.86 -1942.49
46920 2.64497e+08 -6.12012e+07 5135.56 -1942.41
46980 2.64805e+08 -6.13177e+07 5135.26 -1942.32
47040 2.65113e+08 -6.14343e+07 5134.96 -1942.24
47100 2.65421e+08 -6.15508e+07 5134.66 -1942.16
47160 2.65729e+08 -6.16673e+07 5134.36 -1942.08
47220 2.66037e+08 -6.17839e+07 5134.06 -1942
47280 2.66345e+08 -6.19004e+07 5133.76 -1941.92
47340 2.66653e+08 -6.20169e+07 5133.47 -1941.84
47400 2.66961e+08 -6.21334e+07 5133.17 -1941.76
47460 2.67269e+08 -6.22499e+07 5132.87 -1941.68
47520 2.67577e+08 -6.23664e+07 5132.58 -1941.6
47580 2.67885e+08 -6.24829e+07 5132.29 -1941.52
47640 2.68193e+08 -6.25994e+07 5131.99 -1941.44
47700 2.68501e+08 -6.27159e+07 5131.7 -1941.36
47760 2.68809e+08 -6.28324e+07 5131.41 -1941.28
47820 2.69117e+08 -6.29488e+07 5131.12 -1941.21
47880 2.69425e+08 -6.30653e+07 5130.83 -1941.13
47940 2.69733e+08 -6.31818e+07 5130.54 -1941.05
48000 2.7004e+08 -6.32982e+07 5130.26 -1940.97
48060 2.70348e+08 -6.34147e+07 5129.97 -1940.89
48120 2.70656e+08 -6.35311e+07 5129.68 -1940.81
48180 2.70964e+08 -6.36476e+07 5129.4 -1940.73
48240 2.71272e+08 -6.3764e+07 5129.11 -1940.65
48300 2.71579e+08 -6.38805e+07 5128.83 -1940.57
48360 2.71887e+08 -6.39969e+07 5128.54 -1940.49
48420 2.72195e+08 -6.41133e+07 5128.26 -1940.41
48480 2.72502e+08 -6.42297e+07 5127.98 -1940.34
48540 2.7281e+08 -6.43462e+07 5127.7 -1940.26
48600 2.73118e+08 -6.44626e+07 5127.42 -1940.18
48660 2.73425e+08 -6.4579e+07 5127.14 -1940.1
48720 2.73733e+08 -6.46954e+07 5126.86 -1940.02
48780 2.74041e+08 -6.48118e+07 5126.58 -1939.94
48840 2.74348e+08 -6.49282e+07 5126.3 -1939.86
48900 2.74656e+08 -6.50446e+07 5126.02 -1939.78
48960 2.74963e+08 -6.51609e+07 5125.75 -1939.71
49020 2.75271e+08 -6.52773e+07 5125.47 -1939.63
49080 2.75578e+08 -6.53937e+07 5125.2 -1939.55
49140 2.75886e+08 -6.55101e+07 5124.92 -1939.47
49200 2.76193e+08 -6.56264e+07 5124.65 -1939.39
49260 2.76501e+08 -6.57428e+07 5124.38 -1939.32
49320 2.76808e+08 -6.58592e+07 5124.11 -1939.24
49380 2.77116e+08 -6.59755e+07 5123.83 -1939.16
49440 2.77423e+08 -6.60919e+07 5123.56 -1939.08
49500 2.77731e+08 -6.62082e+07 5123.29 -1939
49560 2.78038e+08 -6.63245e+07 5123.02 -1938.93
49620 2.78345e+08 -6.64409e+07 5122.76 -1938.85
49680 2.78653e+08 -6.65572e+07 5122.49 -1938.77
49740 2.7896e+08 -6.66735e+07 5122.22 -1938.69
49800 2.79267e+08 -6.67898e+07 5121.95 -1938.61
49860 2.79575e+08 -6.69062e+07 5121.69 -1938.54
49920 2.79882e+08 -6.70225e+07 5121.42 -1938.46
49980 2.80189e+08 -6.71388e+07 5121.16 -1938.38
50040 2.80497e+08 -6.72551e+07 5120.9 -1938.3
50100 2.80804e+08 -6.73714e+07 5120.63 -1938.23
50160 2.81111e+08 -6.74877e+07 5120.37 -1938.15
50220 2.81418e+08 -6.76039e+07 5120.11 -1938.07
50280 2.81725e+08 -6.77202e+07 5119.85 -1938
50340 2.82033e+08 -6.78365e+07 5119.59 -1937.92
50400 2.8234e+08 -6.79528e+07 5119.33 -1937.84
50460 2.82647e+08 -6.8069e+07 5119.07 -1937.76
50520 2.82954e+08 -6.81853e+07 5118.81 -1937.69
50580 2.83261e+08 -6.83016e+07 5118.55 -1937.61
50640 2.83568e+08 -6.84178e+07 5118.3 -1937.53
50700 2.83875e+08 -6.85341e+07 5118.04 -1937.46
50760 2.84182e+08 -6.86503e+07 5117.78 -1937.38
50820 2.84489e+08 -6.87666e+07 5117.53 -1937.3
50880 2.84797e+08 -6.88828e+07 5117.27 -1937.22
50940 2.85104e+08 -6.8999e+07 5117.02 -1937.15
51000 2.85411e+08 -6.91152e+07 5116.77 -1937.07
51060 2.85718e+08 -6.92315e+07 5116.51 -1936.99
51120 2.86025e+08 -6.93477e+07 5116.26 -1936.92
51180 2.86332e+08 -6.94639e+07 5116.01 -1936.84
51240 2.86638e+08 -6.95801e+07 5115.76 -1936.76
51300 2.86945e+08 -6.96963e+07 5115.51 -1936.69
51360 2.87252e+08 -6.98125e+07 5115.26 -1936.61
51420 2.87559e+08 -6.99287e+07 5115.01 -1936.53
51480 2.87866e+08 -7.00449e+07 5114.76 -1936.46
51540 2.88173e+08 -7.01611e+07 5114.51 -1936.38
51600 2.8848e+08 -7.02773e+07 5114.27 -1936.3
51660 2.88787e+08 -7.03934e+07 5114.02 -1936.23
51720 2.89094e+08 -7.05096e+07 5113.77 -1936.15
51780 2.894e+08 -7.06258e+07 5113.53 -1936.07
51840 2.89707e+08 -7.07419e+07 5113.28 -1936
51900 2.90014e+08 -7.08581e+07 5113.04 -1935.92
51960 2.90321e+08 -7.09742e+07 5112.8 -1935.85
52020 2.90628e+08 -7.10904e+07 5112.55 -1935.77
52080 2.90934e+08 -7.12065e+07 5112.31 -1935.69
52140 2.91241e+08 -7.13227e+07 5112.07 -1935.62
52200 2.91548e+08 -7.14388e+07 5111.83 -1935.54
52260 2.91854e+08 -7.15549e+07 5111.59 -1935.46
52320 2.92161e+08 -7.16711e+07 5111.35 -1935.39
52380 2.92468e+08 -7.17872e+07 5111.11 -1935.31
52440 2.92774e+08 -7.19033e+07 5110.87 -1935.24
52500 2.93081e+08 -7.20194e+07 5110.63 -1935.16
52560 2.93388e+08 -7.21355e+07 5110.39 -1935.08
52620 2.93694e+08 -7.22516e+07 5110.16 -1935.01
52680 2.94001e+08 -7.23677e+07 5109.92 -1934.93
52740 2.94308e+08 -7.24838e+07 5109.69 -1934.86
52800 2.94614e+08 -7.25999e+07 5109.45 -1934.78
52860 2.94921e+08 -7.2716e+07 5109.22 -1934.7
52920 2.95227e+08 -7.28321e+07 5108.98 -1934.63
52980 2.95534e+08 -7.29482e+07 5108.75 -1934.55
53040 2.9584e+08 -7.30642e+07 5108.51 -1934.48
53100 2.96147e+08 -7.31803e+07 5108.28 -1934.4
53160 2.96453e+08 -7.32964e+07 5108.05 -1934.32
53220 2.9676e+08 -7.34124e+07 5107.82 -1934.25
53280 2.97066e+08 -7.35285e+07 5107.59 -1934.17
53340 2.97373e+08 -7.36445e+07 5107.36 -1934.1
53400 2.97679e+08 -7.37606e+07 5107.13 -1934.02
53460 2.97985e+08 -7.38766e+07 5106.9 -1933.94
53520 2.98292e+08 -7.39926e+07 5106.67 -1933.87
53580 2.98598e+08 -7.41087e+07 5106.44 -1933.79
53640 2.98905e+08 -7.42247e+07 5106.21 -1933.72
53700 2.99211e+08 -7.43407e+07 5105.99 -1933.64
53760 2.99517e+08 -7.44567e+07 5105.76 -1933.57
53820 2.99824e+08 -7.45727e+07 5105.53 -1933.49
53880 3.0013e+08 -7.46887e+07 5105.31 -1933.41
53940 3.00436e+08 -7.48047e+07 5105.08 -1933.34
54000 3.00743e+08 -7.49207e+07 5104.86 -1933.26
54060 3.01049e+08 -7.50367e+07 5104.63 -1933.19
54120 3.01355e+08 -7.51527e+07 5104.41 -1933.11
54180 3.01661e+08 -7.52687e+07 5104.19 -1933.04
54240 3.01968e+08 -7.53847e+07 5103.97 -1932.96
54300 3.02274e+08 -7.55007e+07 5103.74 -1932.88
54360 3.0258e+08 -7.56166e+07 5103.52 -1932.81
54420 3.02886e+08 -7.57326e+07 5103.3 -1932.73
54480 3.03193e+08 -7.58486e+07 5103.08 -1932.66
54540 3.03499e+08 -7.59645e+07 5102.86 -1932.58
54600 3.03805e+08 -7.60805e+07 5102.64 -1932.51
54660 3.04111e+08 -7.61964e+07 5102.42 -1932.43
54720 3.04417e+08 -7.63124e+07 5102.2 -1932.35
54780 3.04723e+08 -7.64283e+07 5101.99 -1932.28
54840 3.05029e+08 -7.65442e+07 5101.77 -1932.2
54900 3.05336e+08 -7.66602e+07 5101.55 -1932.13
54960 3.05642e+08 -7.67761e+07 5101.34 -1932.05
55020 3.05948e+08 -7.6892e+07 5101.12 -1931.98
55080 3.06254e+08 -7.70079e+07 5100.9 -1931.9
55140 3.0656e+08 -7.71238e+07 5100.69 -1931.82
55200 3.06866e+08 -7.72397e+07 5100.48 -1931.75
55260 3.07172e+08 -7.73556e+07 5100.26 -1931.67
55320 3.07478e+08 -7.74715e+07 5100.05 -1931.6
55380 3.07784e+08 -7.75874e+07 5099.83 -1931.52
55440 3.0809e+08 -7.77033e+07 5099.62 -1931.45
55500 3.08396e+08 -7.78192e+07 5099.41 -1931.37
55560 3.08702e+08 -7.79351e+07 5099.2 -1931.3
55620 3.09008e+08 -7.8051e+07 5098.99 -1931.22
55680 3.09314e+08 -7.81668e+07 5098.78 -1931.14
55740 3.0962e+08 -7.82827e+07 5098.57 -1931.07
55800 3.09925e+08 -7.83986e+07 5098.36 -1930.99
55860 3.10231e+08 -7.85144e+07 5098.15 -1930.92
55920 3.10537e+08 -7.86303e+07 5097.94 -1930.84
55980 3.10843e+08 -7.87461e+07 5097.73 -1930.77
56040 3.11149e+08 -7.8862e+07 5097.52 -1930.69
56100 3.11455e+08 -7.89778e+07 5097.31 -1930.61
56160 3.11761e+08 -7.90936e+07 5097.11 -1930.54
56220 3.12066e+08 -7.92095e+07 5096.9 -1930.46
56280 3.12372e+08 -7.93253e+07 5096.7 -1930.39
56340 3.12678e+08 -7.94411e+07 5096.49 -1930.31
56400 3.12984e+08 -7.95569e+07 5096.28 -1930.24
56460 3.1329e+08 -7.96727e+07 5096.08 -1930.16
56520 3.13595e+08 -7.97886e+07 5095.87 -1930.09
56580 3.13901e+08 -7.99044e+07 5095.67 -1930.01
56640 3.14207e+08 -8.00202e+07 5095.47 -1929.93
56700 3.14513e+08 -8.01359e+07 5095.26 -1929.86
56760 3.14818e+08 -8.02517e+07 5095.06 -1929.78
56820 3.15124e+08 -8.03675e+07 5094.86 -1929.71
56880 3.1543e+08 -8.04833e+07 5094.66 -1929.63
56940 3.15735e+08 -8.05991e+07 5094.46 -1929.56
57000 3.16041e+08 -8.07148e+07 5094.25 -1929.48
57060 3.16347e+08 -8.08306e+07 5094.05 -1929.4
57120 3.16652e+08 -8.09464e+07 5093.85 -1929.33
57180 3.16958e+08 -8.10621e+07 5093.65 -1929.25
57240 3.17264e+08 -8.11779e+07 5093.45 -1929.18
57300 3.17569e+08 -8.12936e+07 5093.26 -1929.1
57360 3.17875e+08 -8.14094e+07 5093.06 -1929.03
57420 3.1818e+08 -8.15251e+07 5092.86 -1928.95
57480 3.18486e+08 -8.16409e+07 5092.66 -1928.87
57540 3.18791e+08 -8.17566e+07 5092.46 -1928.8
57600 3.19097e+08 -8.18723e+07 5092.27 -1928.72
57660 3.19403e+08 -8.1988e+07 5092.07 -1928.65
57720 3.19708e+08 -8.21037e+07 5091.87 -1928.57
57780 3.20014e+08 -8.22195e+07 5091.68 -1928.5
57840 3.20319e+08 -8.23352e+07 5091.48 -1928.42
57900 3.20625e+08 -8.24509e+07 5091.29 -1928.34
57960 3.2093e+08 -8.25666e+07 5091.09 -1928.27
58020 3.21235e+08 -8.26823e+07 5090.9 -1928.19
58080 3.21541e+08 -8.2798e+07 5090.71 -1928.12
58140 3.21846e+08 -8.29136e+07 5090.51 -1928.04
58200 3.22152e+08 -8.30293e+07 5090.32 -1927.97
58260 3.22457e+08 -8.3145e+07 5090.13 -1927.89
58320 3.22763e+08 -8.32607e+07 5089.93 -1927.81
58380 3.23068e+08 -8.33763e+07 5089.74 -1927.74
58440 3.23373e+08 -8.3492e+07 5089.55 -1927.66
58500 3.23679e+08 -8.36076e+07 5089.36 -1927.59
58560 3.23984e+08 -8.37233e+07 5089.17 -1927.51
58620 3.24289e+08 -8.3839e+07 5088.98 -1927.44
58680 3.24595e+08 -8.39546e+07 5088.79 -1927.36
58740 3.249e+08 -8.40702e+07 5088.6 -1927.28
58800 3.25205e+08 -8.41859e+07 5088.41 -1927.21
58860 3.25511e+08 -8.43015e+07 5088.22 -1927.13
58920 3.25816e+08 -8.44171e+07 5088.03 -1927.06
58980 3.26121e+08 -8.45327e+07 5087.84 -1926.98
59040 3.26427e+08 -8.46484e+07 5087.66 -1926.9
59100 3.26732e+08 -8.4764e+07 5087.47 -1926.83
59160 3.27037e+08 -8.48796e+07 5087.28 -1926.75
59220 3.27342e+08 -8.49952e+07 5087.09 -1926.68
59280 3.27647e+08 -8.51108e+07 5086.91 -1926.6
59340 3.27953e+08 -8.52264e+07 5086.72 -1926.53
59400 3.28258e+08 -8.5342e+07 5086.53 -1926.45
59460 3.28563e+08 -8.54576e+07 5086.35 -1926.37
59520 3.28868e+08 -8.55731e+07 5086.16 -1926.3
59580 3.29173e+08 -8.56887e+07 5085.98 -1926.22
59640 3.29479e+08 -8.58043e+07 5085.79 -1926.15
59700 3.29784e+08 -8.59198e+07 5085.61 -1926.07
59760 3.30089e+08 -8.60354e+07 5085.43 -1925.99
59820 3.30394e+08 -8.6151e+07 5085.24 -1925.92
59880 3.30699e+08 -8.62665e+07 5085.06 -1925.84
59940 3.31004e+08 -8.63821e+07 5084.88 -1925.77
60000 3.31309e+08 -8.64976e+07 5084.69 -1925.69
60060 3.31614e+08 -8.66131e+07 5084.51 -1925.61
60120 3.31919e+08 -8.67287e+07 5084.33 -1925.54
60180 3.32224e+08 -8.68442e+07 5084.15 -1925.46
60240 3.32529e+08 -8.69597e+07 5083.97 -1925.39
60300 3.32834e+08 -8.70753e+07 5083.79 -1925.31
60360 3.3314e+08 -8.71908e+07 5083.61 -1925.24
60420 3.33445e+08 -8.73063e+07 5083.43 -1925.16
60480 3.3375e+08 -8.74218e+07 5083.24 -1925.08
60540 3.34055e+08 -8.75373e+07 5083.07 -1925.01
60600 3.34359e+08 -8.76528e+07 5082.89 -1924.93
60660 3.34664e+08 -8.77683e+07 5082.71 -1924.86
60720 3.34969e+08 -8.78838e+07 5082.53 -1924.78
60780 3.35274e+08 -8.79993e+07 5082.35 -1924.7
60840 3.35579e+08 -8.81147e+07 5082.17 -1924.63
60900 3.35884e+08 -8.82302e+07 5081.99 -1924.55
60960 3.36189e+08 -8.83457e+07 5081.82 -1924.48
61020 3.36494e+08 -8.84612e+07 5081.64 -1924.4
61080 3.36799e+08 -8.85766e+07 5081.46 -1924.33
61140 3.37104e+08 -8.86921e+07 5081.28 -1924.25
61200 3.37409e+08 -8.88075e+07 5081.11 -1924.17
61260 3.37714e+08 -8.8923e+07 5080.93 -1924.1
61320 3.38018e+08 -8.90384e+07 5080.76 -1924.02
61380 3.38323e+08 -8.91539e+07 5080.58 -1923.95
61440 3.38628e+08 -8.92693e+07 5080.4 -1923.87
61500 3.38933e+08 -8.93847e+07 5080.23 -1923.8
61560 3.39238e+08 -8.95001e+07 5080.05 -1923.72
61620 3.39543e+08 -8.96156e+07 5079.88 -1923.64
61680 3.39847e+08 -8.9731e+07 5079.71 -1923.57
61740 3.40152e+08 -8.98464e+07 5079.53 -1923.49
61800 3.40457e+08 -8.99618e+07 5079.36 -1923.42
61860 3.40762e+08 -9.00772e+07 5079.18 -1923.34
61920 3.41066e+08 -9.01926e+07 5079.01 -1923.27
61980 3.41371e+08 -9.0308e+07 5078.84 -1923.19
62040 3.41676e+08 -9.04234e+07 5078.67 -1923.12
62100 3.41981e+08 -9.05388e+07 5078.49 -1923.04
62160 3.42285e+08 -9.06542e+07 5078.32 -1922.96
62220 3.4259e+08 -9.07695e+07 5078.15 -1922.89
62280 3.42895e+08 -9.08849e+07 5077.98 -1922.81
62340 3.43199e+08 -9.10003e+07 5077.81 -1922.74
62400 3.43504e+08 -9.11156e+07 5077.64 -1922.66
62460 3.43809e+08 -9.1231e+07 5077.46 -1922.59
62520 3.44113e+08 -9.13463e+07 5077.29 -1922.51
62580 3.44418e+08 -9.14617e+07 5077.12 -1922.44
62640 3.44722e+08 -9.1577e+07 5076.95 -1922.36
62700 3.45027e+08 -9.16924e+07 5076.78 -1922.29
62760 3.45332e+08 -9.18077e+07 5076.61 -1922.21
62820 3.45636e+08 -9.1923e+07 5076.44 -1922.13
62880 3.45941e+08 -9.20384e+07 5076.28 -1922.06
62940 3.46245e+08 -9.21537e+07 5076.11 -1921.98
63000 3.4655e+08 -9.2269e+07 5075.94 -1921.91
63060 3.46855e+08 -9.23843e+07 5075.77 -1921.83
63120 3.47159e+08 -9.24996e+07 5075.6 -1921.76
63180 3.47464e+08 -9.26149e+07 5075.43 -1921.68
63240 3.47768e+08 -9.27302e+07 5075.27 -1921.61
63300 3.48073e+08 -9.28455e+07 5075.1 -1921.53
63360 3.48377e+08 -9.29608e+07 5074.93 -1921.46
63420 3.48682e+08 -9.30761e+07 5074.76 -1921.38
63480 3.48986e+08 -9.31914e+07 5074.6 -1921.31
63540 3.49291e+08 -9.33066e+07 5074.43 -1921.23
63600 3.49595e+08 -9.34219e+07 5074.27 -1921.16
63660 3.499e+08 -9.35372e+07 5074.1 -1921.08
63720 3.50204e+08 -9.36524e+07 5073.93 -1921.01
63780 3.50508e+08 -9.37677e+07 5073.77 -1920.93
63840 3.50813e+08 -9.3883e+07 5073.6 -1920.86
63900 3.51117e+08 -9.39982e+07 5073.44 -1920.78
63960 3.51422e+08 -9.41135e+07 5073.27 -1920.71
64020 3.51726e+08 -9.42287e+07 5073.11 -1920.64
64080 3.5203e+08 -9.43439e+07 5072.94 -1920.56
64140 3.52335e+08 -9.44592e+07 5072.78 -1920.49
64200 3.52639e+08 -9.45744e+07 5072.62 -1920.41
64260 3.52943e+08 -9.46896e+07 5072.45 -1920.34
64320 3.53248e+08 -9.48048e+07 5072.29 -1920.26
64380 3.53552e+08 -9.492e+07 5072.12 -1920.19
64440 3.53856e+08 -9.50353e+07 5071.96 -1920.11
64500 3.54161e+08 -9.51505e+07 5071.8 -1920.04
64560 3.54465e+08 -9.52657e+07 5071.64 -1919.97
64620 3.54769e+08 -9.53809e+07 5071.47 -1919.89
64680 3.55074e+08 -9.5496e+07 5071.31 -1919.82
64740 3.55378e+08 -9.56112e+07 5071.15 -1919.74
64800 3.55682e+08 -9.57264e+07 5070.99 -1919.67
64860 3.55986e+08 -9.58416e+07 5070.83 -1919.6
64920 3.56291e+08 -9.59568e+07 5070.66 -1919.52
64980 3.56595e+08 -9.60719e+07 5070.5 -1919.45
65040 3.56899e+08 -9.61871e+07 5070.34 -1919.37
65100 3.57203e+08 -9.63023e+07 5070.18 -1919.3
65160 3.57508e+08 -9.64174e+07 5070.02 -1919.23
65220 3.57812e+08 -9.65326e+07 5069.86 -1919.15
65280 3.58116e+08 -9.66477e+07 5069.7 -1919.08
65340 3.5842e+08 -9.67629e+07 5069.54 -1919.01
65400 3.58724e+08 -9.6878e+07 5069.38 -1918.93
65460 3.59028e+08 -9.69931e+07 5069.22 -1918.86
65520 3.59333e+08 -9.71083e+07 5069.06 -1918.79
65580 3.59637e+08 -9.72234e+07 5068.9 -1918.71
65640 3.59941e+08 -9.73385e+07 5068.74 -1918.64
65700 3.60245e+08 -9.74536e+07 5068.58 -1918.57
65760 3.60549e+08 -9.75687e+07 5068.43 -1918.49
65820 3.60853e+08 -9.76838e+07 5068.27 -1918.42
65880 3.61157e+08 -9.77989e+07 5068.11 -1918.35
65940 3.61461e+08 -9.7914e+07 5067.95 -1918.27
66000 3.61765e+08 -9.80291e+07 5067.79 -1918.2
66060 3.6207e+08 -9.81442e+07 5067.63 -1918.13
66120 3.62374e+08 -9.82593e+07 5067.48 -1918.05
66180 3.62678e+08 -9.83744e+07 5067.32 -1917.98
66240 3.62982e+08 -9.84895e+07 5067.16 -1917.91
66300 3.63286e+08 -9.86045e+07 5067.01 -1917.84
66360 3.6359e+08 -9.87196e+07 5066.85 -1917.76
66420 3.63894e+08 -9.88347e+07 5066.69 -1917.69
66480 3.64198e+08 -9.89497e+07 5066.54 -1917.62
66540 3.64502e+08 -9.90648e+07 5066.38 -1917.55
66600 3.64806e+08 -9.91798e+07 5066.22 -1917.48
66660 3.6511e+08 -9.92949e+07 5066.07 -1917.4
66720 3.65414e+08 -9.94099e+07 5065.91 -1917.33
66780 3.65718e+08 -9.9525e+07 5065.76 -1917.26
66840 3.66021e+08 -9.964e+07 5065.6 -1917.19
66900 3.66325e+08 -9.9755e+07 5065.45 -1917.12
66960 3.66629e+08 -9.987e+07 5065.29 -1917.04
67020 3.66933e+08 -9.99851e+07 5065.14 -1916.97
67080 3.67237e+08 -1.001e+08 5064.98 -1916.9
67140 3.67541e+08 -1.00215e+08 5064.83 -1916.83
67200 3.67845e+08 -1.0033e+08 5064.67 -1916.76
67260 3.68149e+08 -1.00445e+08 5064.52 -1916.69
67320 3.68453e+08 -1.0056e+08 5064.37 -1916.62
67380 3.68757e+08 -1.00675e+08 5064.21 -1916.54
67440 3.6906e+08 -1.0079e+08 5064.06 -1916.47
67500 3.69364e+08 -1.00905e+08 5063.91 -1916.4
67560 3.69668e+08 -1.0102e+08 5063.75 -1916.33
67620 3.69972e+08 -1.01135e+08 5063.6 -1916.26
67680 3.70276e+08 -1.0125e+08 5063.45 -1916.19
67740 3.70579e+08 -1.01365e+08 5063.29 -1916.12
67800 3.70883e+08 -1.0148e+08 5063.14 -1916.05
67860 3.71187e+08 -1.01595e+08 5062.99 -1915.98
67920 3.71491e+08 -1.0171e+08 5062.84 -1915.91
67980 3.71795e+08 -1.01825e+08 5062.69 -1915.84
68040 3.72098e+08 -1.0194e+08 5062.53 -1915.77
68100 3.72402e+08 -1.02055e+08 5062.38 -1915.7
68160 3.72706e+08 -1.0217e+08 5062.23 -1915.63
68220 3.7301e+08 -1.02285e+08 5062.08 -1915.56
68280 3.73313e+08 -1.024e+08 5061.93 -1915.49
68340 3.73617e+08 -1.02514e+08 5061.78 -1915.42
68400 3.73921e+08 -1.02629e+08 5061.63 -1915.35
68460 3.74224e+08 -1.02744e+08 5061.48 -1915.28
68520 3.74528e+08 -1.02859e+08 5061.33 -1915.21
68580 3.74832e+08 -1.02974e+08 5061.18 -1915.14
68640 3.75135e+08 -1.03089e+08 5061.03 -1915.07
68700 3.75439e+08 -1.03204e+08 5060.88 -1915
68760 3.75743e+08 -1.03319e+08 5060.73 -1914.93
68820 3.76046e+08 -1.03434e+08 5060.58 -1914.86
68880 3.7635e+08 -1.03549e+08 5060.43 -1914.79
68940 3.76654e+08 -1.03663e+08 5060.28 -1914.73
69000 3.76957e+08 -1.03778e+08 5060.13 -1914.66
69060 3.77261e+08 -1.03893e+08 5059.98 -1914.59
69120 3.77564e+08 -1.04008e+08 5059.83 -1914.52
69180 3.77868e+08 -1.04123e+08 5059.68 -1914.45
69240 3.78172e+08 -1.04238e+08 5059.54 -1914.38
69300 3.78475e+08 -1.04353e+08 5059.39 -1914.32
69360 3.78779e+08 -1.04468e+08 5059.24 -1914.25
69420 3.79082e+08 -1.04582e+08 5059.09 -1914.18
69480 3.79386e+08 -1.04697e+08 5058.94 -1914.11
69540 3.79689e+08 -1.04812e+08 5058.8 -1914.04
69600 3.79993e+08 -1.04927e+08 5058.65 -1913.98
69660 3.80296e+08 -1.05042e+08 5058.5 -1913.91
69720 3.806e+08 -1.05157e+08 5058.36 -1913.84
69780 3.80903e+08 -1.05271e+08 5058.21 -1913.77
69840 3.81207e+08 -1.05386e+08 5058.06 -1913.71
69900 3.8151e+08 -1.05501e+08 5057.92 -1913.64
69960 3.81814e+08 -1.05616e+08 5057.77 -1913.57
70020 3.82117e+08 -1.05731e+08 5057.62 -1913.51
70080 3.82421e+08 -1.05846e+08 5057.48 -1913.44
70140 3.82724e+08 -1.0596e+08 5057.33 -1913.37
70200 3.83028e+08 -1.06075e+08 5057.19 -1913.31
70260 3.83331e+08 -1.0619e+08 5057.04 -1913.24
70320 3.83634e+08 -1.06305e+08 5056.9 -1913.17
70380 3.83938e+08 -1.0642e+08 5056.75 -1913.11
70440 3.84241e+08 -1.06534e+08 5056.61 -1913.04
70500 3.84545e+08 -1.06649e+08 5056.46 -1912.97
70560 3.84848e+08 -1.06764e+08 5056.32 -1912.91
70620 3.85151e+08 -1.06879e+08 5056.17 -1912.84
70680 3.85455e+08 -1.06993e+08 5056.03 -1912.78
70740 3.85758e+08 -1.07108e+08 5055.88 -1912.71
70800 3.86061e+08 -1.07223e+08 5055.74 -1912.65
70860 3.86365e+08 -1.07338e+08 5055.59 -1912.58
70920 3.86668e+08 -1.07452e+08 5055.45 -1912.52
70980 3.86971e+08 -1.07567e+08 5055.31 -1912.45
71040 3.87275e+08 -1.07682e+08 5055.16 -1912.38
71100 3.87578e+08 -1.07797e+08 5055.02 -1912.32
71160 3.87881e+08 -1.07911e+08 5054.88 -1912.26
71220 3.88185e+08 -1.08026e+08 5054.74 -1912.19
71280 3.88488e+08 -1.08141e+08 5054.59 -1912.13
71340 3.88791e+08 -1.08256e+08 5054.45 -1912.06
71400 3.89095e+08 -1.0837e+08 5054.31 -1912
71460 3.89398e+08 -1.08485e+08 5054.17 -1911.93
71520 3.89701e+08 -1.086e+08 5054.02 -1911.87
71580 3.90004e+08 -1.08714e+08 5053.88 -1911.8
71640 3.90307e+08 -1.08829e+08 5053.74 -1911.74
71700 3.90611e+08 -1.08944e+08 5053.6 -1911.68
71760 3.90914e+08 -1.09059e+08 5053.46 -1911.61
71820 3.91217e+08 -1.09173e+08 5053.32 -1911.55
71880 3.9152e+08 -1.09288e+08 5053.17 -1911.49
71940 3.91823e+08 -1.09403e+08 5053.03 -1911.42
72000 3.92127e+08 -1.09517e+08 5052.89 -1911.36
72060 3.9243e+08 -1.09632e+08 5052.75 -1911.3
72120 3.92733e+08 -1.09747e+08 5052.61 -1911.23
72180 3.93036e+08 -1.09861e+08 5052.47 -1911.17
72240 3.93339e+08 -1.09976e+08 5052.33 -1911.11
72300 3.93642e+08 -1.10091e+08 5052.19 -1911.05
72360 3.93946e+08 -1.10205e+08 5052.05 -1910.98
72420 3.94249e+08 -1.1032e+08 5051.91 -1910.92
72480 3.94552e+08 -1.10435e+08 5051.77 -1910.86
72540 3.94855e+08 -1.10549e+08 5051.63 -1910.8
72600 3.95158e+08 -1.10664e+08 5051.49 -1910.73
72660 3.95461e+08 -1.10779e+08 5051.35 -1910.67
72720 3.95764e+08 -1.10893e+08 5051.22 -1910.61
72780 3.96067e+08 -1.11008e+08 5051.08 -1910.55
72840 3.9637e+08 -1.11122e+08 5050.94 -1910.49
72900 3.96673e+08 -1.11237e+08 5050.8 -1910.43
72960 3.96976e+08 -1.11352e+08 5050.66 -1910.36
73020 3.97279e+08 -1.11466e+08 5050.52 -1910.3
73080 3.97582e+08 -1.11581e+08 5050.39 -1910.24
73140 3.97885e+08 -1.11696e+08 5050.25 -1910.18
73200 3.98188e+08 -1.1181e+08 5050.11 -1910.12
73260 3.98491e+08 -1.11925e+08 5049.97 -1910.06
73320 3.98794e+08 -1.12039e+08 5049.84 -1910
73380 3.99097e+08 -1.12154e+08 5049.7 -1909.94
73440 3.994e+08 -1.12269e+08 5049.56 -1909.88
73500 3.99703e+08 -1.12383e+08 5049.43 -1909.82
73560 4.00006e+08 -1.12498e+08 5049.29 -1909.76
73620 4.00309e+08 -1.12612e+08 5049.15 -1909.7
73680 4.00612e+08 -1.12727e+08 5049.02 -1909.64
73740 4.00915e+08 -1.12842e+08 5048.88 -1909.58
73800 4.01218e+08 -1.12956e+08 5048.75 -1909.52
73860 4.01521e+08 -1.13071e+08 5048.61 -1909.46
73920 4.01824e+08 -1.13185e+08 5048.47 -1909.4
73980 4.02127e+08 -1.133e+08 5048.34 -1909.34
74040 4.0243e+08 -1.13414e+08 5048.2 -1909.28
74100 4.02733e+08 -1.13529e+08 5048.07 -1909.22
74160 4.03036e+08 -1.13643e+08 5047.93 -1909.16
74220 4.03338e+08 -1.13758e+08 5047.8 -1909.1
74280 4.03641e+08 -1.13873e+08 5047.66 -1909.05
74340 4.03944e+08 -1.13987e+08 5047.53 -1908.99
74400 4.04247e+08 -1.14102e+08 5047.39 -1908.93
74460 4.0455e+08 -1.14216e+08 5047.26 -1908.87
74520 4.04853e+08 -1.14331e+08 5047.13 -1908.81
74580 4.05155e+08 -1.14445e+08 5046.99 -1908.75
74640 4.05458e+08 -1.1456e+08 5046.86 -1908.7
74700 4.05761e+08 -1.14674e+08 5046.73 -1908.64
74760 4.06064e+08 -1.14789e+08 5046.59 -1908.58
74820 4.06367e+08 -1.14903e+08 5046.46 -1908.52
74880 4.06669e+08 -1.15018e+08 5046.33 -1908.46
74940 4.06972e+08 -1.15132e+08 5046.19 -1908.41
75000 4.07275e+08 -1.15247e+08 5046.06 -1908.35
75060 4.07578e+08 -1.15361e+08 5045.93 -1908.29
75120 4.07881e+08 -1.15476e+08 5045.8 -1908.24
75180 4.08183e+08 -1.1559e+08 5045.66 -1908.18
75240 4.08486e+08 -1.15705e+08 5045.53 -1908.12
75300 4.08789e+08 -1.15819e+08 5045.4 -1908.07
75360 4.09091e+08 -1.15934e+08 5045.27 -1908.01
75420 4.09394e+08 -1.16048e+08 5045.14 -1907.95
75480 4.09697e+08 -1.16163e+08 5045.01 -1907.9
75540 4.1e+08 -1.16277e+08 5044.87 -1907.84
75600 4.10302e+08 -1.16392e+08 5044.74 -1907.78
75660 4.10605e+08 -1.16506e+08 5044.61 -1907.73
75720 4.10908e+08 -1.16621e+08 5044.48 -1907.67
75780 4.1121e+08 -1.16735e+08 5044.35 -1907.62
75840 4.11513e+08 -1.16849e+08 5044.22 -1907.56
75900 4.11816e+08 -1.16964e+08 5044.09 -1907.5
75960 4.12118e+08 -1.17078e+08 5043.96 -1907.45
76020 4.12421e+08 -1.17193e+08 5043.83 -1907.39
76080 4.12723e+08 -1.17307e+08 5043.7 -1907.34
76140 4.13026e+08 -1.17422e+08 5043.57 -1907.28
76200 4.13329e+08 -1.17536e+08 5043.44 -1907.23
76260 4.13631e+08 -1.17651e+08 5043.31 -1907.17
76320 4.13934e+08 -1.17765e+08 5043.18 -1907.12
76380 4.14236e+08 -1.17879e+08 5043.05 -1907.06
76440 4.14539e+08 -1.17994e+08 5042.93 -1907.01
76500 4.14842e+08 -1.18108e+08 5042.8 -1906.96
76560 4.15144e+08 -1.18223e+08 5042.67 -1906.9
76620 4.15447e+08 -1.18337e+08 5042.54 -1906.85
76680 4.15749e+08 -1.18452e+08 5042.41 -1906.79
76740 4.16052e+08 -1.18566e+08 5042.28 -1906.74
76800 4.16354e+08 -1.1868e+08 5042.16 -1906.69
76860 4.16657e+08 -1.18795e+08 5042.03 -1906.63
76920 4.16959e+08 -1.18909e+08 5041.9 -1906.58
76980 4.17262e+08 -1.19024e+08 5041.77 -1906.52
77040 4.17564e+08 -1.19138e+08 5041.65 -1906.47
77100 4.17867e+08 -1.19252e+08 5041.52 -1906.42
77160 4.18169e+08 -1.19367e+08 5041.39 -1906.36
77220 4.18472e+08 -1.19481e+08 5041.27 -1906.31
77280 4.18774e+08 -1.19595e+08 5041.14 -1906.26
77340 4.19077e+08 -1.1971e+08 5041.01 -1906.21
77400 4.19379e+08 -1.19824e+08 5040.89 -1906.15
77460 4.19682e+08 -1.19939e+08 5040.76 -1906.1
77520 4.19984e+08 -1.20053e+08 5040.63 -1906.05
77580 4.20287e+08 -1.20167e+08 5040.51 -1906
77640 4.20589e+08 -1.20282e+08 5040.38 -1905.94
77700 4.20891e+08 -1.20396e+08 5040.26 -1905.89
77760 4.21194e+08 -1.2051e+08 5040.13 -1905.84
77820 4.21496e+08 -1.20625e+08 5040.01 -1905.79
77880 4.21799e+08 -1.20739e+08 5039.88 -1905.74
77940 4.22101e+08 -1.20853e+08 5039.76 -1905.68
78000 4.22403e+08 -1.20968e+08 5039.63 -1905.63
78060 4.22706e+08 -1.21082e+08 5039.51 -1905.58
78120 4.23008e+08 -1.21196e+08 5039.38 -1905.53
78180 4.23311e+08 -1.21311e+08 5039.26 -1905.48
78240 4.23613e+08 -1.21425e+08 5039.14 -1905.43
78300 4.23915e+08 -1.21539e+08 5039.01 -1905.38
78360 4.24218e+08 -1.21654e+08 5038.89 -1905.33
78420 4.2452e+08 -1.21768e+08 5038.76 -1905.27
78480 4.24822e+08 -1.21882e+08 5038.64 -1905.22
78540 4.25125e+08 -1.21997e+08 5038.52 -1905.17
78600 4.25427e+08 -1.22111e+08 5038.39 -1905.12
78660 4.25729e+08 -1.22225e+08 5038.27 -1905.07
78720 4.26031e+08 -1.2234e+08 5038.15 -1905.02
78780 4.26334e+08 -1.22454e+08 5038.03 -1904.97
78840 4.26636e+08 -1.22568e+08 5037.9 -1904.92
78900 4.26938e+08 -1.22682e+08 5037.78 -1904.87
78960 4.27241e+08 -1.22797e+08 5037.66 -1904.82
79020 4.27543e+08 -1.22911e+08 5037.54 -1904.77
79080 4.27845e+08 -1.23025e+08 5037.42 -1904.72
79140 4.28147e+08 -1.2314e+08 5037.29 -1904.67
79200 4.2845e+08 -1.23254e+08 5037.17 -1904.62
79260 4.28752e+08 -1.23368e+08 5037.05 -1904.57
79320 4.29054e+08 -1.23482e+08 5036.93 -1904.52
79380 4.29356e+08 -1.23597e+08 5036.81 -1904.47
79440 4.29658e+08 -1.23711e+08 5036.69 -1904.43
79500 4.29961e+08 -1.23825e+08 5036.57 -1904.38
79560 4.30263e+08 -1.23939e+08 5036.45 -1904.33
79620 4.30565e+08 -1.24054e+08 5036.33 -1904.28
79680 4.30867e+08 -1.24168e+08 5036.21 -1904.23
79740 4.31169e+08 -1.24282e+08 5036.09 -1904.18
79800 4.31471e+08 -1.24396e+08 5035.97 -1904.13
79860 4.31774e+08 -1.24511e+08 5035.85 -1904.09
79920 4.32076e+08 -1.24625e+08 5035.73 -1904.04
79980 4.32378e+08 -1.24739e+08 5035.61 -1903.99
80040 4.3268e+08 -1.24853e+08 5035.49 -1903.94
80100 4.32982e+08 -1.24968e+08 5035.37 -1903.89
80160 4.33284e+08 -1.25082e+08 5035.25 -1903.85
80220 4.33586e+08 -1.25196e+08 5035.13 -1903.8
80280 4.33888e+08 -1.2531e+08 5035.01 -1903.75
80340 4.34191e+08 -1.25425e+08 5034.89 -1903.7
80400 4.34493e+08 -1.25539e+08 5034.78 -1903.65
80460 4.34795e+08 -1.25653e+08 5034.66 -1903.61
80520 4.35097e+08 -1.25767e+08 5034.54 -1903.56
80580 4.35399e+08 -1.25881e+08 5034.42 -1903.51
80640 4.35701e+08 -1.25996e+08 5034.3 -1903.47
80700 4.36003e+08 -1.2611e+08 5034.19 -1903.42
80760 4.36305e+08 -1.26224e+08 5034.07 -1903.37
80820 4.36607e+08 -1.26338e+08 5033.95 -1903.33
80880 4.36909e+08 -1.26452e+08 5033.83 -1903.28
80940 4.37211e+08 -1.26567e+08 5033.72 -1903.23
81000 4.37513e+08 -1.26681e+08 5033.6 -1903.19
81060 4.37815e+08 -1.26795e+08 5033.48 -1903.14
81120 4.38117e+08 -1.26909e+08 5033.37 -1903.09
81180 4.38419e+08 -1.27023e+08 5033.25 -1903.05
81240 4.38721e+08 -1.27138e+08 5033.13 -1903
81300 4.39023e+08 -1.27252e+08 5033.02 -1902.95
81360 4.39325e+08 -1.27366e+08 5032.9 -1902.91
81420 4.39627e+08 -1.2748e+08 5032.79 -1902.86
81480 4.39929e+08 -1.27594e+08 5032.67 -1902.82
81540 4.40231e+08 -1.27708e+08 5032.56 -1902.77
81600 4.40533e+08 -1.27823e+08 5032.44 -1902.73
81660 4.40835e+08 -1.27937e+08 5032.33 -1902.68
81720 4.41137e+08 -1.28051e+08 5032.21 -1902.64
81780 4.41439e+08 -1.28165e+08 5032.1 -1902.59
81840 4.41741e+08 -1.28279e+08 5031.98 -1902.54
81900 4.42043e+08 -1.28393e+08 5031.87 -1902.5
81960 4.42345e+08 -1.28508e+08 5031.75 -1902.45
82020 4.42646e+08 -1.28622e+08 5031.64 -1902.41
82080 4.42948e+08 -1.28736e+08 5031.52 -1902.37
82140 4.4325e+08 -1.2885e+08 5031.41 -1902.32
82200 4.43552e+08 -1.28964e+08 5031.3 -1902.28
82260 4.43854e+08 -1.29078e+08 5031.18 -1902.23
82320 4.44156e+08 -1.29192e+08 5031.07 -1902.19
82380 4.44458e+08 -1.29307e+08 5030.96 -1902.14
82440 4.4476e+08 -1.29421e+08 5030.84 -1902.1
82500 4.45061e+08 -1.29535e+08 5030.73 -1902.05
82560 4.45363e+08 -1.29649e+08 5030.62 -1902.01
82620 4.45665e+08 -1.29763e+08 5030.5 -1901.97
82680 4.45967e+08 -1.29877e+08 5030.39 -1901.92
82740 4.46269e+08 -1.29991e+08 5030.28 -1901.88
82800 4.46571e+08 -1.30105e+08 5030.17 -1901.83
82860 4.46872e+08 -1.30219e+08 5030.05 -1901.79
82920 4.47174e+08 -1.30334e+08 5029.94 -1901.75
82980 4.47476e+08 -1.30448e+08 5029.83 -1901.7
83040 4.47778e+08 -1.30562e+08 5029.72 -1901.66
83100 4.4808e+08 -1.30676e+08 5029.61 -1901.62
83160 4.48381e+08 -1.3079e+08 5029.5 -1901.57
83220 4.48683e+08 -1.30904e+08 5029.38 -1901.53
83280 4.48985e+08 -1.31018e+08 5029.27 -1901.49
83340 4.49287e+08 -1.31132e+08 5029.16 -1901.44
83400 4.49588e+08 -1.31246e+08 5029.05 -1901.4
83460 4.4989e+08 -1.3136e+08 5028.94 -1901.36
83520 4.50192e+08 -1.31475e+08 5028.83 -1901.32
83580 4.50494e+08 -1.31589e+08 5028.72 -1901.27
83640 4.50795e+08 -1.31703e+08 5028.61 -1901.23
83700 4.51097e+08 -1.31817e+08 5028.5 -1901.19
83760 4.51399e+08 -1.31931e+08 5028.39 -1901.15
83820 4.517e+08 -1.32045e+08 5028.28 -1901.1
83880 4.52002e+08 -1.32159e+08 5028.17 -1901.06
83940 4.52304e+08 -1.32273e+08 5028.06 -1901.02
84000 4.52605e+08 -1.32387e+08 5027.95 -1900.98
84060 4.52907e+08 -1.32501e+08 5027.84 -1900.94
84120 4.53209e+08 -1.32615e+08 5027.73 -1900.89
84180 4.5351e+08 -1.32729e+08 5027.62 -1900.85
84240 4.53812e+08 -1.32843e+08 5027.52 -1900.81
84300 4.54114e+08 -1.32957e+08 5027.41 -1900.77
84360 4.54415e+08 -1.33071e+08 5027.3 -1900.73
84420 4.54717e+08 -1.33185e+08 5027.19 -1900.69
84480 4.55019e+08 -1.33299e+08 5027.08 -1900.64
84540 4.5532e+08 -1.33413e+08 5026.97 -1900.6
84600 4.55622e+08 -1.33528e+08 5026.87 -1900.56
84660 4.55923e+08 -1.33642e+08 5026.76 -1900.52
84720 4.56225e+08 -1.33756e+08 5026.65 -1900.48
84780 4.56527e+08 -1.3387e+08 5026.54 -1900.44
84840 4.56828e+08 -1.33984e+08 5026.44 -1900.4
84900 4.5713e+08 -1.34098e+08 5026.33 -1900.36
84960 4.57431e+08 -1.34212e+08 5026.22 -1900.32
85020 4.57733e+08 -1.34326e+08 5026.11 -1900.28
85080 4.58035e+08 -1.3444e+08 5026.01 -1900.24
85140 4.58336e+08 -1.34554e+08 5025.9 -1900.2
85200 4.58638e+08 -1.34668e+08 5025.79 -1900.15
85260 4.58939e+08 -1.34782e+08 5025.69 -1900.11
85320 4.59241e+08 -1.34896e+08 5025.58 -1900.07
85380 4.59542e+08 -1.3501e+08 5025.48 -1900.03
85440 4.59844e+08 -1.35124e+08 5025.37 -1899.99
85500 4.60145e+08 -1.35238e+08 5025.26 -1899.95
85560 4.60447e+08 -1.35352e+08 5025.16 -1899.91
85620 4.60748e+08 -1.35466e+08 5025.05 -1899.87
85680 4.6105e+08 -1.3558e+08 5024.95 -1899.83
85740 4.61351e+08 -1.35694e+08 5024.84 -1899.79
85800 4.61653e+08 -1.35808e+08 5024.74 -1899.75
85860 4.61954e+08 -1.35922e+08 5024.63 -1899.72
85920 4.62256e+08 -1.36036e+08 5024.53 -1899.68
85980 4.62557e+08 -1.3615e+08 5024.42 -1899.64
86040 4.62859e+08 -1.36264e+08 5024.32 -1899.6
86100 4.6316e+08 -1.36378e+08 5024.21 -1899.56
86160 4.63462e+08 -1.36492e+08 5024.11 -1899.52
86220 4.63763e+08 -1.36606e+08 5024.01 -1899.48
86280 4.64064e+08 -1.3672e+08 5023.9 -1899.44
86340 4.64366e+08 -1.36833e+08 5023.8 -1899.4
86400 4.64667e+08 -1.36947e+08 5023.69 -1899.36
