60 233235 2.63771e+07 3887.15 -34.3705
120 466452 2.6374e+07 3886.7 -68.7383
180 699632 2.63688e+07 3885.94 -103.101
240 932758 2.63616e+07 3884.88 -137.455
300 1.16581e+06 2.63523e+07 3883.51 -171.799
360 1.39877e+06 2.6341e+07 3881.84 -206.129
420 1.63163e+06 2.63276e+07 3879.87 -240.443
480 1.86435e+06 2.63121e+07 3877.59 -274.738
540 2.09693e+06 2.62946e+07 3875.02 -309.012
600 2.32935e+06 2.62751e+07 3872.13 -343.262
660 2.56158e+06 2.62534e+07 3868.95 -377.485
720 2.79362e+06 2.62298e+07 3865.46 -411.678
780 3.02543e+06 2.6204e+07 3861.67 -445.839
840 3.25701e+06 2.61763e+07 3857.58 -479.965
900 3.48834e+06 2.61464e+07 3853.19 -514.054
960 3.71939e+06 2.61146e+07 3848.5 -548.102
1020 3.95015e+06 2.60807e+07 3843.5 -582.108
1080 4.1806e+06 2.60447e+07 3838.21 -616.068
1140 4.41073e+06 2.60067e+07 3832.61 -649.98
1200 4.64051e+06 2.59667e+07 3826.72 -683.841
1260 4.86993e+06 2.59247e+07 3820.52 -717.649
1320 5.09897e+06 2.58806e+07 3814.03 -751.401
1380 5.32761e+06 2.58345e+07 3807.24 -785.093
1440 5.55583e+06 2.57864e+07 3800.15 -818.725
1500 5.78362e+06 2.57363e+07 3792.76 -852.292
1560 6.01095e+06 2.56841e+07 3785.08 -885.793
1620 6.23782e+06 2.563e+07 3777.1 -919.225
1680 6.4642e+06 2.55738e+07 3768.83 -952.584
1740 6.69007e+06 2.55157e+07 3760.26 -985.869
1800 6.91543e+06 2.54555e+07 3751.4 -1019.08
1860 7.14024e+06 2.53934e+07 3742.25 -1052.21
1920 7.36449e+06 2.53293e+07 3732.8 -1085.25
1980 7.58817e+06 2.52631e+07 3723.06 -1118.21
2040 7.81125e+06 2.51951e+07 3713.03 -1151.09
2100 8.03372e+06 2.5125e+07 3702.71 -1183.87
2160 8.25557e+06 2.5053e+07 3692.1 -1216.56
2220 8.47677e+06 2.4979e+07 3681.2 -1249.16
2280 8.69731e+06 2.49031e+07 3670.01 -1281.66
2340 8.91717e+06 2.48252e+07 3658.54 -1314.05
2400 9.13633e+06 2.47454e+07 3646.78 -1346.35
2460 9.35477e+06 2.46637e+07 3634.73 -1378.54
2520 9.57249e+06 2.458e+07 3622.4 -1410.62
2580 9.78946e+06 2.44944e+07 3609.79 -1442.59
2640 1.00057e+07 2.44069e+07 3596.9 -1474.45
2700 1.02211e+07 2.43175e+07 3583.72 -1506.2
2760 1.04357e+07 2.42261e+07 3570.26 -1537.82
2820 1.06495e+07 2.41329e+07 3556.53 -1569.33
2880 1.08625e+07 2.40378e+07 3542.52 -1600.71
2940 1.10746e+07 2.39409e+07 3528.23 -1631.97
3000 1.12859e+07 2.3842e+07 3513.66 -1663.1
3060 1.14962e+07 2.37413e+07 3498.82 -1694.1
3120 1.17057e+07 2.36387e+07 3483.71 -1724.97
3180 1.19143e+07 2.35343e+07 3468.32 -1755.7
3240 1.21219e+07 2.3428e+07 3452.66 -1786.3
3300 1.23286e+07 2.33199e+07 3436.74 -1816.76
3360 1.25343e+07 2.321e+07 3420.54 -1847.07
3420 1.2739e+07 2.30983e+07 3404.08 -1877.24
3480 1.29428e+07 2.29848e+07 3387.35 -1907.26
3540 1.31455e+07 2.28694e+07 3370.35 -1937.14
3600 1.33472e+07 2.27523e+07 3353.1 -1966.86
3660 1.35479e+07 2.26334e+07 3335.58 -1996.43
3720 1.37475e+07 2.25127e+07 3317.79 -2025.84
3780 1.3946e+07 2.23903e+07 3299.75 -2055.09
3840 1.41435e+07 2.22661e+07 3281.46 -2084.19
3900 1.43398e+07 2.21402e+07 3262.9 -2113.12
3960 1.4535e+07 2.20126e+07 3244.09 -2141.88
4020 1.47291e+07 2.18832e+07 3225.03 -2170.48
4080 1.4922e+07 2.17521e+07 3205.72 -2198.91
4140 1.51138e+07 2.16193e+07 3186.15 -2227.16
4200 1.53043e+07 2.14848e+07 3166.33 -2255.25
4260 1.54937e+07 2.13487e+07 3146.27 -2283.15
4320 1.56819e+07 2.12109e+07 3125.96 -2310.88
4380 1.58688e+07 2.10714e+07 3105.41 -2338.42
4440 1.60545e+07 2.09303e+07 3084.62 -2365.79
4500 1.6239e+07 2.07875e+07 3063.58 -2392.97
4560 1.64221e+07 2.06431e+07 3042.3 -2419.96
4620 1.6604e+07 2.04971e+07 3020.79 -2446.76
4680 1.67846e+07 2.03495e+07 2999.04 -2473.37
4740 1.69639e+07 2.02003e+07 2977.06 -2499.79
4800 1.71419e+07 2.00495e+07 2954.84 -2526.01
4860 1.73185e+07 1.98972e+07 2932.39 -2552.03
4920 1.74938e+07 1.97433e+07 2909.71 -2577.86
4980 1.76677e+07 1.95878e+07 2886.81 -2603.48
5040 1.78402e+07 1.94309e+07 2863.68 -2628.9
5100 1.80113e+07 1.92724e+07 2840.33 -2654.12
5160 1.8181e+07 1.91124e+07 2816.75 -2679.12
5220 1.83493e+07 1.89509e+07 2792.95 -2703.92
5280 1.85162e+07 1.87879e+07 2768.94 -2728.5
5340 1.86816e+07 1.86235e+07 2744.71 -2752.88
5400 1.88455e+07 1.84576e+07 2720.26 -2777.03
5460 1.9008e+07 1.82902e+07 2695.61 -2800.97
5520 1.9169e+07 1.81215e+07 2670.74 -2824.69
5580 1.93285e+07 1.79513e+07 2645.66 -2848.19
5640 1.94865e+07 1.77797e+07 2620.38 -2871.47
5700 1.96429e+07 1.76067e+07 2594.89 -2894.52
5760 1.97978e+07 1.74324e+07 2569.2 -2917.35
5820 1.99512e+07 1.72566e+07 2543.3 -2939.95
5880 2.0103e+07 1.70796e+07 2517.21 -2962.32
5940 2.02533e+07 1.69012e+07 2490.92 -2984.45
6000 2.04019e+07 1.67214e+07 2464.44 -3006.36
6060 2.0549e+07 1.65404e+07 2437.77 -3028.03
6120 2.06945e+07 1.63581e+07 2410.9 -3049.46
6180 2.08383e+07 1.61745e+07 2383.85 -3070.65
6240 2.09805e+07 1.59896e+07 2356.61 -3091.6
6300 2.11211e+07 1.58035e+07 2329.18 -3112.32
6360 2.126e+07 1.56161e+07 2301.57 -3132.78
6420 2.13973e+07 1.54276e+07 2273.79 -3153.01
6480 2.15329e+07 1.52378e+07 2245.82 -3172.98
6540 2.16668e+07 1.50468e+07 2217.68 -3192.71
6600 2.1799e+07 1.48546e+07 2189.37 -3212.19
6660 2.19295e+07 1.46613e+07 2160.89 -3231.42
6720 2.20583e+07 1.44669e+07 2132.23 -3250.39
6780 2.21854e+07 1.42713e+07 2103.42 -3269.12
6840 2.23107e+07 1.40746e+07 2074.43 -3287.58
6900 2.24343e+07 1.38768e+07 2045.29 -3305.79
6960 2.25561e+07 1.36779e+07 2015.98 -3323.74
7020 2.26762e+07 1.34779e+07 1986.52 -3341.43
7080 2.27945e+07 1.32769e+07 1956.9 -3358.86
7140 2.2911e+07 1.30749e+07 1927.13 -3376.02
7200 2.30258e+07 1.28718e+07 1897.21 -3392.93
7260 2.31387e+07 1.26677e+07 1867.14 -3409.56
7320 2.32498e+07 1.24627e+07 1836.92 -3425.93
7380 2.33591e+07 1.22566e+07 1806.56 -3442.04
7440 2.34666e+07 1.20496e+07 1776.06 -3457.87
7500 2.35723e+07 1.18417e+07 1745.42 -3473.43
7560 2.36761e+07 1.16328e+07 1714.65 -3488.72
7620 2.3778e+07 1.14231e+07 1683.74 -3503.74
7680 2.38781e+07 1.12124e+07 1652.7 -3518.49
7740 2.39763e+07 1.10008e+07 1621.53 -3532.96
7800 2.40727e+07 1.07884e+07 1590.23 -3547.15
7860 2.41672e+07 1.05752e+07 1558.81 -3561.07
7920 2.42597e+07 1.03611e+07 1527.27 -3574.7
7980 2.43504e+07 1.01462e+07 1495.6 -3588.06
8040 2.44392e+07 9.93056e+06 1463.83 -3601.14
8100 2.45261e+07 9.7141e+06 1431.93 -3613.94
8160 2.4611e+07 9.49689e+06 1399.93 -3626.45
8220 2.46941e+07 9.27894e+06 1367.81 -3638.68
8280 2.47752e+07 9.06025e+06 1335.59 -3650.63
8340 2.48543e+07 8.84087e+06 1303.27 -3662.29
8400 2.49316e+07 8.62079e+06 1270.84 -3673.66
8460 2.50068e+07 8.40003e+06 1238.31 -3684.75
8520 2.50802e+07 8.17862e+06 1205.69 -3695.55
8580 2.51515e+07 7.95657e+06 1172.98 -3706.06
8640 2.52209e+07 7.7339e+06 1140.17 -3716.28
8700 2.52883e+07 7.51063e+06 1107.27 -3726.21
8760 2.53538e+07 7.28676e+06 1074.29 -3735.85
8820 2.54173e+07 7.06233e+06 1041.22 -3745.19
8880 2.54787e+07 6.83735e+06 1008.07 -3754.25
8940 2.55382e+07 6.61183e+06 974.841 -3763.01
9000 2.55957e+07 6.38579e+06 941.537 -3771.47
9060 2.56512e+07 6.15926e+06 908.16 -3779.64
9120 2.57047e+07 5.93224e+06 874.712 -3787.52
9180 2.57562e+07 5.70476e+06 841.196 -3795.1
9240 2.58056e+07 5.47683e+06 807.614 -3802.38
9300 2.58531e+07 5.24848e+06 773.97 -3809.37
9360 2.58985e+07 5.01972e+06 740.264 -3816.05
9420 2.59419e+07 4.79056e+06 706.502 -3822.44
9480 2.59833e+07 4.56103e+06 672.684 -3828.54
9540 2.60226e+07 4.33114e+06 638.813 -3834.33
9600 2.60599e+07 4.10091e+06 604.893 -3839.82
9660 2.60952e+07 3.87037e+06 570.926 -3845.01
9720 2.61285e+07 3.63952e+06 536.914 -3849.9
9780 2.61596e+07 3.40839e+06 502.86 -3854.49
9840 2.61888e+07 3.17699e+06 468.768 -3858.78
9900 2.62159e+07 2.94534e+06 434.639 -3862.77
9960 2.62409e+07 2.71346e+06 400.476 -3866.45
10020 2.6264e+07 2.48137e+06 366.281 -3869.84
10080 2.62849e+07 2.24909e+06 332.059 -3872.92
10140 2.63038e+07 2.01663e+06 297.81 -3875.7
10200 2.63206e+07 1.78401e+06 263.539 -3878.17
10260 2.63354e+07 1.55125e+06 229.247 -3880.35
10320 2.63481e+07 1.31837e+06 194.937 -3882.21
10380 2.63588e+07 1.08539e+06 160.612 -3883.78
10440 2.63674e+07 852325 126.275 -3885.04
10500 2.6374e+07 619192 91.928 -3886
10560 2.63785e+07 386011 57.5741 -3886.65
10620 2.63809e+07 152800 23.2158 -3887.01
10680 2.63812e+07 -80423.7 -11.1441 -3887.05
10740 2.63795e+07 -313641 -45.503 -3886.8
10800 2.63758e+07 -546833 -79.8582 -3886.24
10860 2.637e+07 -779983 -114.207 -3885.37
10920 2.63621e+07 -1.01307e+06 -148.547 -3884.2
10980 2.63521e+07 -1.24608e+06 -182.874 -3882.73
11040 2.63401e+07 -1.47899e+06 -217.188 -3880.96
11100 2.63261e+07 -1.71179e+06 -251.484 -3878.88
11160 2.631e+07 -1.94445e+06 -285.761 -3876.5
11220 2.62918e+07 -2.17696e+06 -320.015 -3873.81
11280 2.62716e+07 -2.4093e+06 -354.243 -3870.83
11340 2.62493e+07 -2.64146e+06 -388.444 -3867.54
11400 2.62249e+07 -2.8734e+06 -422.615 -3863.95
11460 2.61986e+07 -3.10512e+06 -456.752 -3860.05
11520 2.61701e+07 -3.3366e+06 -490.853 -3855.86
11580 2.61397e+07 -3.56782e+06 -524.916 -3851.36
11640 2.61071e+07 -3.79876e+06 -558.938 -3846.57
11700 2.60726e+07 -4.0294e+06 -592.915 -3841.47
11760 2.6036e+07 -4.25973e+06 -626.847 -3836.07
11820 2.59974e+07 -4.48973e+06 -660.729 -3830.37
11880 2.59567e+07 -4.71937e+06 -694.559 -3824.37
11940 2.5914e+07 -4.94865e+06 -728.335 -3818.08
12000 2.58693e+07 -5.17753e+06 -762.054 -3811.48
12060 2.58226e+07 -5.40602e+06 -795.713 -3804.59
12120 2.57738e+07 -5.63408e+06 -829.309 -3797.4
12180 2.57231e+07 -5.8617e+06 -862.841 -3789.92
12240 2.56703e+07 -6.08886e+06 -896.305 -3782.14
12300 2.56155e+07 -6.31555e+06 -929.699 -3774.06
12360 2.55587e+07 -6.54174e+06 -963.02 -3765.69
12420 2.54999e+07 -6.76743e+06 -996.266 -3757.02
12480 2.54392e+07 -6.99258e+06 -1029.43 -3748.06
12540 2.53764e+07 -7.21719e+06 -1062.52 -3738.81
12600 2.53117e+07 -7.44123e+06 -1095.52 -3729.26
12660 2.52449e+07 -7.66469e+06 -1128.44 -3719.42
12720 2.51763e+07 -7.88756e+06 -1161.27 -3709.3
12780 2.51056e+07 -8.1098e+06 -1194.01 -3698.88
12840 2.5033e+07 -8.33142e+06 -1226.66 -3688.18
12900 2.49584e+07 -8.55238e+06 -1259.2 -3677.18
12960 2.48819e+07 -8.77267e+06 -1291.66 -3665.9
13020 2.48034e+07 -8.99228e+06 -1324.01 -3654.33
13080 2.4723e+07 -9.21119e+06 -1356.25 -3642.48
13140 2.46407e+07 -9.42937e+06 -1388.39 -3630.34
13200 2.45564e+07 -9.64682e+06 -1420.42 -3617.92
13260 2.44702e+07 -9.86352e+06 -1452.34 -3605.22
13320 2.43821e+07 -1.00794e+07 -1484.15 -3592.23
13380 2.42921e+07 -1.02946e+07 -1515.84 -3578.97
13440 2.42002e+07 -1.05089e+07 -1547.41 -3565.42
13500 2.41064e+07 -1.07224e+07 -1578.86 -3551.6
13560 2.40108e+07 -1.09351e+07 -1610.19 -3537.5
13620 2.39132e+07 -1.11469e+07 -1641.39 -3523.12
13680 2.38138e+07 -1.13579e+07 -1672.46 -3508.47
13740 2.37125e+07 -1.15679e+07 -1703.4 -3493.54
13800 2.36094e+07 -1.17771e+07 -1734.21 -3478.34
13860 2.35044e+07 -1.19853e+07 -1764.88 -3462.87
13920 2.33976e+07 -1.21926e+07 -1795.42 -3447.13
13980 2.3289e+07 -1.2399e+07 -1825.81 -3431.11
14040 2.31785e+07 -1.26044e+07 -1856.07 -3414.84
14100 2.30662e+07 -1.28087e+07 -1886.17 -3398.29
14160 2.29522e+07 -1.30121e+07 -1916.13 -3381.48
14220 2.28363e+07 -1.32145e+07 -1945.94 -3364.4
14280 2.27187e+07 -1.34159e+07 -1975.6 -3347.06
14340 2.25992e+07 -1.36162e+07 -2005.1 -3329.47
14400 2.2478e+07 -1.38154e+07 -2034.44 -3311.61
14460 2.23551e+07 -1.40136e+07 -2063.63 -3293.49
14520 2.22304e+07 -1.42106e+07 -2092.66 -3275.11
14580 2.2104e+07 -1.44066e+07 -2121.52 -3256.48
14640 2.19758e+07 -1.46014e+07 -2150.21 -3237.6
14700 2.1846e+07 -1.47951e+07 -2178.74 -3218.46
14760 2.17144e+07 -1.49876e+07 -2207.1 -3199.07
14820 2.15811e+07 -1.51789e+07 -2235.28 -3179.43
14880 2.14462e+07 -1.53691e+07 -2263.29 -3159.54
14940 2.13095e+07 -1.55581e+07 -2291.12 -3139.41
15000 2.11712e+07 -1.57458e+07 -2318.78 -3119.03
15060 2.10313e+07 -1.59324e+07 -2346.25 -3098.4
15120 2.08897e+07 -1.61176e+07 -2373.54 -3077.54
15180 2.07465e+07 -1.63017e+07 -2400.64 -3056.43
15240 2.06016e+07 -1.64844e+07 -2427.56 -3035.09
15300 2.04552e+07 -1.66659e+07 -2454.28 -3013.51
15360 2.03071e+07 -1.6846e+07 -2480.82 -2991.69
15420 2.01575e+07 -1.70249e+07 -2507.16 -2969.64
15480 2.00062e+07 -1.72024e+07 -2533.3 -2947.36
15540 1.98535e+07 -1.73786e+07 -2559.25 -2924.85
15600 1.96991e+07 -1.75534e+07 -2584.99 -2902.11
15660 1.95433e+07 -1.77268e+07 -2610.54 -2879.14
15720 1.93859e+07 -1.78989e+07 -2635.88 -2855.95
15780 1.9227e+07 -1.80695e+07 -2661.01 -2832.53
15840 1.90666e+07 -1.82388e+07 -2685.94 -2808.9
15900 1.89047e+07 -1.84066e+07 -2710.65 -2785.04
15960 1.87413e+07 -1.8573e+07 -2735.16 -2760.97
16020 1.85764e+07 -1.87379e+07 -2759.45 -2736.68
16080 1.84102e+07 -1.89014e+07 -2783.52 -2712.18
16140 1.82424e+07 -1.90633e+07 -2807.38 -2687.47
16200 1.80733e+07 -1.92238e+07 -2831.02 -2662.54
16260 1.79027e+07 -1.93828e+07 -2854.43 -2637.41
16320 1.77308e+07 -1.95403e+07 -2877.63 -2612.08
16380 1.75574e+07 -1.96963e+07 -2900.59 -2586.54
16440 1.73827e+07 -1.98507e+07 -2923.34 -2560.79
16500 1.72066e+07 -2.00036e+07 -2945.85 -2534.85
16560 1.70292e+07 -2.01549e+07 -2968.13 -2508.71
16620 1.68504e+07 -2.03046e+07 -2990.18 -2482.37
16680 1.66704e+07 -2.04528e+07 -3012 -2455.84
16740 1.6489e+07 -2.05993e+07 -3033.58 -2429.12
16800 1.63063e+07 -2.07443e+07 -3054.93 -2402.21
16860 1.61224e+07 -2.08876e+07 -3076.04 -2375.11
16920 1.59372e+07 -2.10293e+07 -3096.9 -2347.82
16980 1.57508e+07 -2.11693e+07 -3117.53 -2320.36
17040 1.55631e+07 -2.13077e+07 -3137.91 -2292.71
17100 1.53742e+07 -2.14444e+07 -3158.04 -2264.88
17160 1.51842e+07 -2.15795e+07 -3177.93 -2236.88
17220 1.49929e+07 -2.17129e+07 -3197.57 -2208.7
17280 1.48005e+07 -2.18445e+07 -3216.96 -2180.34
17340 1.46069e+07 -2.19745e+07 -3236.1 -2151.82
17400 1.44121e+07 -2.21027e+07 -3254.99 -2123.13
17460 1.42163e+07 -2.22293e+07 -3273.62 -2094.28
17520 1.40193e+07 -2.23541e+07 -3291.99 -2065.26
17580 1.38212e+07 -2.24771e+07 -3310.11 -2036.08
17640 1.36221e+07 -2.25984e+07 -3327.97 -2006.74
17700 1.34219e+07 -2.27179e+07 -3345.57 -1977.24
17760 1.32206e+07 -2.28356e+07 -3362.91 -1947.59
17820 1.30183e+07 -2.29516e+07 -3379.99 -1917.79
17880 1.2815e+07 -2.30658e+07 -3396.8 -1887.84
17940 1.26107e+07 -2.31781e+07 -3413.35 -1857.74
18000 1.24054e+07 -2.32887e+07 -3429.63 -1827.5
18060 1.21992e+07 -2.33974e+07 -3445.64 -1797.11
18120 1.1992e+07 -2.35044e+07 -3461.38 -1766.58
18180 1.17838e+07 -2.36094e+07 -3476.86 -1735.92
18240 1.15748e+07 -2.37127e+07 -3492.06 -1705.12
18300 1.13648e+07 -2.3814e+07 -3506.98 -1674.19
18360 1.11539e+07 -2.39136e+07 -3521.64 -1643.12
18420 1.09422e+07 -2.40112e+07 -3536.02 -1611.93
18480 1.07296e+07 -2.4107e+07 -3550.12 -1580.61
18540 1.05162e+07 -2.42009e+07 -3563.95 -1549.17
18600 1.03019e+07 -2.42929e+07 -3577.49 -1517.61
18660 1.00869e+07 -2.4383e+07 -3590.76 -1485.93
18720 9.87105e+06 -2.44712e+07 -3603.75 -1454.13
18780 9.65445e+06 -2.45575e+07 -3616.46 -1422.22
18840 9.43708e+06 -2.46419e+07 -3628.88 -1390.2
18900 9.21899e+06 -2.47243e+07 -3641.02 -1358.07
18960 9.00017e+06 -2.48048e+07 -3652.87 -1325.83
19020 8.78065e+06 -2.48834e+07 -3664.45 -1293.5
19080 8.56044e+06 -2.496e+07 -3675.73 -1261.06
19140 8.33956e+06 -2.50347e+07 -3686.73 -1228.52
19200 8.11804e+06 -2.51075e+07 -3697.44 -1195.88
19260 7.89588e+06 -2.51782e+07 -3707.86 -1163.16
19320 7.6731e+06 -2.5247e+07 -3717.99 -1130.34
19380 7.44973e+06 -2.53139e+07 -3727.83 -1097.43
19440 7.22577e+06 -2.53787e+07 -3737.38 -1064.44
19500 7.00125e+06 -2.54416e+07 -3746.63 -1031.36
19560 6.77618e+06 -2.55025e+07 -3755.6 -998.208
19620 6.55058e+06 -2.55614e+07 -3764.27 -964.974
19680 6.32447e+06 -2.56183e+07 -3772.65 -931.666
19740 6.09787e+06 -2.56732e+07 -3780.73 -898.284
19800 5.87079e+06 -2.57261e+07 -3788.52 -864.832
19860 5.64325e+06 -2.5777e+07 -3796.01 -831.313
19920 5.41528e+06 -2.58258e+07 -3803.2 -797.73
19980 5.18687e+06 -2.58727e+07 -3810.1 -764.083
20040 4.95807e+06 -2.59175e+07 -3816.7 -730.378
20100 4.72888e+06 -2.59603e+07 -3823 -696.615
20160 4.49931e+06 -2.60011e+07 -3829.01 -662.798
20220 4.2694e+06 -2.60399e+07 -3834.71 -628.929
20280 4.03916e+06 -2.60766e+07 -3840.12 -595.011
20340 3.80859e+06 -2.61113e+07 -3845.22 -561.047
20400 3.57773e+06 -2.61439e+07 -3850.03 -527.039
20460 3.3466e+06 -2.61745e+07 -3854.53 -492.989
20520 3.1152e+06 -2.62031e+07 -3858.73 -458.902
20580 2.88355e+06 -2.62296e+07 -3862.64 -424.778
20640 2.65169e+06 -2.6254e+07 -3866.24 -390.622
20700 2.41961e+06 -2.62765e+07 -3869.54 -356.435
20760 2.18735e+06 -2.62968e+07 -3872.53 -322.22
20820 1.95491e+06 -2.63151e+07 -3875.23 -287.98
20880 1.72233e+06 -2.63314e+07 -3877.62 -253.717
20940 1.48961e+06 -2.63456e+07 -3879.71 -219.435
21000 1.25677e+06 -2.63577e+07 -3881.49 -185.135
21060 1.02383e+06 -2.63678e+07 -3882.97 -150.822
21120 790818 -2.63758e+07 -3884.15 -116.496
21180 557741 -2.63818e+07 -3885.03 -82.1612
21240 324621 -2.63857e+07 -3885.6 -47.8201
21300 91475.4 -2.63875e+07 -3885.87 -13.4752
21360 -141677 -2.63873e+07 -3885.83 20.8707
21420 -374819 -2.6385e+07 -3885.5 55.215
21480 -607931 -2.63807e+07 -3884.85 89.555
21540 -840995 -2.63743e+07 -3883.91 123.888
21600 -1.07399e+06 -2.63658e+07 -3882.66 158.211
21660 -1.30691e+06 -2.63553e+07 -3881.11 192.522
21720 -1.53972e+06 -2.63427e+07 -3879.26 226.818
21780 -1.77241e+06 -2.63281e+07 -3877.1 261.096
21840 -2.00497e+06 -2.63114e+07 -3874.64 295.354
21900 -2.23736e+06 -2.62926e+07 -3871.87 329.589
21960 -2.46959e+06 -2.62718e+07 -3868.81 363.798
22020 -2.70161e+06 -2.6249e+07 -3865.44 397.979
22080 -2.93343e+06 -2.6224e+07 -3861.77 432.129
22140 -3.16502e+06 -2.61971e+07 -3857.8 466.245
22200 -3.39636e+06 -2.61681e+07 -3853.53 500.324
22260 -3.62744e+06 -2.61371e+07 -3848.96 534.365
22320 -3.85823e+06 -2.6104e+07 -3844.08 568.364
22380 -4.08872e+06 -2.60689e+07 -3838.91 602.318
22440 -4.31889e+06 -2.60317e+07 -3833.44 636.226
22500 -4.54873e+06 -2.59925e+07 -3827.66 670.084
22560 -4.77821e+06 -2.59513e+07 -3821.59 703.89
22620 -5.00731e+06 -2.5908e+07 -3815.22 737.64
22680 -5.23603e+06 -2.58628e+07 -3808.55 771.334
22740 -5.46433e+06 -2.58155e+07 -3801.59 804.967
22800 -5.69221e+06 -2.57662e+07 -3794.32 838.537
22860 -5.91965e+06 -2.57149e+07 -3786.76 872.042
22920 -6.14662e+06 -2.56615e+07 -3778.91 905.478
22980 -6.37311e+06 -2.56062e+07 -3770.76 938.844
23040 -6.5991e+06 -2.55489e+07 -3762.31 972.137
23100 -6.82458e+06 -2.54896e+07 -3753.58 1005.35
23160 -7.04953e+06 -2.54282e+07 -3744.54 1038.49
23220 -7.27392e+06 -2.53649e+07 -3735.22 1071.55
23280 -7.49775e+06 -2.52997e+07 -3725.6 1104.52
23340 -7.72099e+06 -2.52324e+07 -3715.7 1137.41
23400 -7.94363e+06 -2.51632e+07 -3705.5 1170.21
23460 -8.16564e+06 -2.5092e+07 -3695.01 1202.92
23520 -8.38702e+06 -2.50188e+07 -3684.24 1235.53
23580 -8.60775e+06 -2.49437e+07 -3673.18 1268.05
23640 -8.8278e+06 -2.48667e+07 -3661.83 1300.47
23700 -9.04716e+06 -2.47877e+07 -3650.19 1332.79
23760 -9.26581e+06 -2.47067e+07 -3638.27 1365
23820 -9.48375e+06 -2.46239e+07 -3626.07 1397.11
23880 -9.70094e+06 -2.45391e+07 -3613.58 1429.1
23940 -9.91737e+06 -2.44524e+07 -3600.81 1460.99
24000 -1.0133e+07 -2.43638e+07 -3587.76 1492.76
24060 -1.03479e+07 -2.42732e+07 -3574.42 1524.42
24120 -1.0562e+07 -2.41808e+07 -3560.81 1555.95
24180 -1.07752e+07 -2.40865e+07 -3546.92 1587.37
24240 -1.09876e+07 -2.39903e+07 -3532.76 1618.66
24300 -1.11991e+07 -2.38923e+07 -3518.31 1649.83
24360 -1.14098e+07 -2.37924e+07 -3503.6 1680.86
24420 -1.16195e+07 -2.36906e+07 -3488.61 1711.77
24480 -1.18284e+07 -2.3587e+07 -3473.34 1742.54
24540 -1.20363e+07 -2.34815e+07 -3457.81 1773.18
24600 -1.22433e+07 -2.33742e+07 -3442 1803.67
24660 -1.24494e+07 -2.3265e+07 -3425.93 1834.03
24720 -1.26544e+07 -2.31541e+07 -3409.59 1864.24
24780 -1.28585e+07 -2.30413e+07 -3392.98 1894.31
24840 -1.30616e+07 -2.29268e+07 -3376.11 1924.23
24900 -1.32636e+07 -2.28104e+07 -3358.97 1954
24960 -1.34647e+07 -2.26923e+07 -3341.57 1983.62
25020 -1.36646e+07 -2.25724e+07 -3323.91 2013.08
25080 -1.38635e+07 -2.24507e+07 -3305.99 2042.39
25140 -1.40613e+07 -2.23273e+07 -3287.81 2071.53
25200 -1.42581e+07 -2.22022e+07 -3269.38 2100.52
25260 -1.44537e+07 -2.20753e+07 -3250.69 2129.34
25320 -1.46481e+07 -2.19466e+07 -3231.74 2158
25380 -1.48415e+07 -2.18163e+07 -3212.54 2186.48
25440 -1.50336e+07 -2.16843e+07 -3193.1 2214.8
25500 -1.52246e+07 -2.15505e+07 -3173.4 2242.94
25560 -1.54144e+07 -2.14151e+07 -3153.45 2270.91
25620 -1.5603e+07 -2.1278e+07 -3133.26 2298.7
25680 -1.57904e+07 -2.11393e+07 -3112.82 2326.31
25740 -1.59766e+07 -2.09989e+07 -3092.14 2353.74
25800 -1.61615e+07 -2.08568e+07 -3071.22 2380.99
25860 -1.63451e+07 -2.07132e+07 -3050.06 2408.05
25920 -1.65275e+07 -2.05679e+07 -3028.66 2434.92
25980 -1.67085e+07 -2.0421e+07 -3007.02 2461.6
26040 -1.68883e+07 -2.02725e+07 -2985.15 2488.09
26100 -1.70668e+07 -2.01224e+07 -2963.04 2514.39
26160 -1.72439e+07 -1.99708e+07 -2940.71 2540.49
26220 -1.74196e+07 -1.98176e+07 -2918.14 2566.39
26280 -1.7594e+07 -1.96628e+07 -2895.34 2592.09
26340 -1.77671e+07 -1.95065e+07 -2872.32 2617.59
26400 -1.79387e+07 -1.93487e+07 -2849.08 2642.88
26460 -1.8109e+07 -1.91894e+07 -2825.61 2667.97
26520 -1.82778e+07 -1.90285e+07 -2801.92 2692.85
26580 -1.84452e+07 -1.88662e+07 -2778.01 2717.52
26640 -1.86111e+07 -1.87024e+07 -2753.88 2741.98
26700 -1.87757e+07 -1.85372e+07 -2729.54 2766.22
26760 -1.89387e+07 -1.83705e+07 -2704.99 2790.25
26820 -1.91002e+07 -1.82024e+07 -2680.22 2814.06
26880 -1.92603e+07 -1.80328e+07 -2655.25 2837.65
26940 -1.94189e+07 -1.78619e+07 -2630.06 2861.02
27000 -1.95759e+07 -1.76895e+07 -2604.67 2884.16
27060 -1.97314e+07 -1.75158e+07 -2579.08 2907.08
27120 -1.98854e+07 -1.73407e+07 -2553.29 2929.78
27180 -2.00378e+07 -1.71642e+07 -2527.29 2952.24
27240 -2.01887e+07 -1.69864e+07 -2501.1 2974.48
27300 -2.03379e+07 -1.68073e+07 -2474.71 2996.48
27360 -2.04856e+07 -1.66268e+07 -2448.13 3018.25
27420 -2.06317e+07 -1.64451e+07 -2421.36 3039.78
27480 -2.07762e+07 -1.6262e+07 -2394.4 3061.07
27540 -2.0919e+07 -1.60778e+07 -2367.25 3082.13
27600 -2.10603e+07 -1.58922e+07 -2339.92 3102.94
27660 -2.11998e+07 -1.57054e+07 -2312.4 3123.52
27720 -2.13377e+07 -1.55174e+07 -2284.7 3143.85
27780 -2.1474e+07 -1.53281e+07 -2256.82 3163.93
27840 -2.16086e+07 -1.51377e+07 -2228.77 3183.77
27900 -2.17414e+07 -1.49461e+07 -2200.54 3203.36
27960 -2.18726e+07 -1.47533e+07 -2172.14 3222.69
28020 -2.20021e+07 -1.45594e+07 -2143.57 3241.78
28080 -2.21298e+07 -1.43643e+07 -2114.83 3260.61
28140 -2.22559e+07 -1.41681e+07 -2085.93 3279.19
28200 -2.23802e+07 -1.39708e+07 -2056.86 3297.52
28260 -2.25027e+07 -1.37724e+07 -2027.64 3315.58
28320 -2.26235e+07 -1.35729e+07 -1998.25 3333.39
28380 -2.27425e+07 -1.33724e+07 -1968.71 3350.93
28440 -2.28597e+07 -1.31708e+07 -1939.01 3368.22
28500 -2.29752e+07 -1.29682e+07 -1909.16 3385.24
28560 -2.30888e+07 -1.27646e+07 -1879.16 3402
28620 -2.32007e+07 -1.256e+07 -1849.02 3418.49
28680 -2.33107e+07 -1.23544e+07 -1818.73 3434.71
28740 -2.34189e+07 -1.21478e+07 -1788.3 3450.67
28800 -2.35253e+07 -1.19403e+07 -1757.72 3466.36
28860 -2.36298e+07 -1.17319e+07 -1727.01 3481.77
28920 -2.37325e+07 -1.15225e+07 -1696.17 3496.92
28980 -2.38334e+07 -1.13123e+07 -1665.19 3511.79
29040 -2.39323e+07 -1.11011e+07 -1634.08 3526.38
29100 -2.40294e+07 -1.08891e+07 -1602.84 3540.7
29160 -2.41247e+07 -1.06762e+07 -1571.48 3554.75
29220 -2.4218e+07 -1.04625e+07 -1540 3568.52
29280 -2.43095e+07 -1.0248e+07 -1508.39 3582
29340 -2.4399e+07 -1.00327e+07 -1476.67 3595.21
29400 -2.44867e+07 -9.81659e+06 -1444.83 3608.14
29460 -2.45724e+07 -9.59973e+06 -1412.87 3620.78
29520 -2.46562e+07 -9.38211e+06 -1380.81 3633.15
29580 -2.47381e+07 -9.16375e+06 -1348.64 3645.23
29640 -2.4818e+07 -8.94468e+06 -1316.36 3657.02
29700 -2.48961e+07 -8.72492e+06 -1283.98 3668.53
29760 -2.49721e+07 -8.50447e+06 -1251.49 3679.75
29820 -2.50462e+07 -8.28335e+06 -1218.91 3690.69
29880 -2.51184e+07 -8.06159e+06 -1186.24 3701.33
29940 -2.51886e+07 -7.8392e+06 -1153.47 3711.69
30000 -2.52568e+07 -7.61619e+06 -1120.61 3721.76
30060 -2.53231e+07 -7.39259e+06 -1087.66 3731.53
30120 -2.53873e+07 -7.16842e+06 -1054.63 3741.02
30180 -2.54496e+07 -6.94368e+06 -1021.51 3750.21
30240 -2.55099e+07 -6.7184e+06 -988.319 3759.11
30300 -2.55682e+07 -6.49259e+06 -955.045 3767.71
30360 -2.56245e+07 -6.26628e+06 -921.697 3776.02
30420 -2.56788e+07 -6.03947e+06 -888.276 3784.04
30480 -2.57311e+07 -5.8122e+06 -854.785 3791.76
30540 -2.57814e+07 -5.58447e+06 -821.227 3799.18
30600 -2.58296e+07 -5.3563e+06 -787.605 3806.31
30660 -2.58759e+07 -5.12772e+06 -753.921 3813.14
30720 -2.59201e+07 -4.89873e+06 -720.177 3819.67
30780 -2.59623e+07 -4.66936e+06 -686.377 3825.91
30840 -2.60025e+07 -4.43963e+06 -652.522 3831.84
30900 -2.60406e+07 -4.20955e+06 -618.616 3837.47
30960 -2.60767e+07 -3.97914e+06 -584.662 3842.81
31020 -2.61108e+07 -3.74842e+06 -550.661 3847.84
31080 -2.61428e+07 -3.5174e+06 -516.617 3852.58
31140 -2.61728e+07 -3.28611e+06 -482.532 3857.01
31200 -2.62007e+07 -3.05457e+06 -448.409 3861.14
31260 -2.62266e+07 -2.82278e+06 -414.251 3864.97
31320 -2.62504e+07 -2.59078e+06 -380.059 3868.5
31380 -2.62722e+07 -2.35857e+06 -345.838 3871.72
31440 -2.62919e+07 -2.12618e+06 -311.589 3874.64
31500 -2.63096e+07 -1.89362e+06 -277.315 3877.26
31560 -2.63252e+07 -1.66091e+06 -243.02 3879.58
31620 -2.63387e+07 -1.42807e+06 -208.705 3881.59
31680 -2.63502e+07 -1.19512e+06 -174.373 3883.3
31740 -2.63597e+07 -962083 -140.027 3884.71
31800 -2.6367e+07 -728966 -105.67 3885.81
31860 -2.63723e+07 -495792 -71.3037 3886.61
31920 -2.63756e+07 -262580 -36.9318 3887.1
31980 -2.63768e+07 -29346.3 -2.55659 3887.29
32040 -2.63759e+07 203889 31.8192 3887.18
32100 -2.63729e+07 437109 66.193 3886.76
32160 -2.63679e+07 670294 100.562 3886.04
32220 -2.63609e+07 903427 134.924 3885.01
32280 -2.63518e+07 1.13649e+06 169.275 3883.68
32340 -2.63406e+07 1.36946e+06 203.614 3882.05
32400 -2.63273e+07 1.60233e+06 237.937 3880.11
32460 -2.6312e+07 1.83507e+06 272.241 3877.87
32520 -2.62947e+07 2.06767e+06 306.526 3875.33
32580 -2.62752e+07 2.3001e+06 340.786 3872.48
32640 -2.62538e+07 2.53236e+06 375.02 3869.33
32700 -2.62302e+07 2.76442e+06 409.226 3865.88
32760 -2.62047e+07 2.99626e+06 443.399 3862.13
32820 -2.6177e+07 3.22787e+06 477.539 3858.07
32880 -2.61473e+07 3.45922e+06 511.641 3853.71
32940 -2.61156e+07 3.69031e+06 545.704 3849.05
33000 -2.60819e+07 3.9211e+06 579.725 3844.09
33060 -2.60461e+07 4.15159e+06 613.701 3838.83
33120 -2.60082e+07 4.38176e+06 647.629 3833.27
33180 -2.59683e+07 4.61158e+06 681.507 3827.41
33240 -2.59264e+07 4.84104e+06 715.332 3821.25
33300 -2.58825e+07 5.07012e+06 749.102 3814.79
33360 -2.58366e+07 5.29881e+06 782.813 3808.03
33420 -2.57886e+07 5.52708e+06 816.463 3800.97
33480 -2.57386e+07 5.75492e+06 850.051 3793.62
33540 -2.56866e+07 5.98231e+06 883.572 3785.97
33600 -2.56325e+07 6.20923e+06 917.024 3778.02
33660 -2.55765e+07 6.43567e+06 950.405 3769.78
33720 -2.55185e+07 6.6616e+06 983.712 3761.24
33780 -2.54585e+07 6.88701e+06 1016.94 3752.41
33840 -2.53965e+07 7.11188e+06 1050.09 3743.29
33900 -2.53325e+07 7.3362e+06 1083.16 3733.87
33960 -2.52665e+07 7.55994e+06 1116.15 3724.16
34020 -2.51985e+07 7.78309e+06 1149.05 3714.16
34080 -2.51286e+07 8.00563e+06 1181.86 3703.86
34140 -2.50567e+07 8.22755e+06 1214.57 3693.28
34200 -2.49829e+07 8.44882e+06 1247.2 3682.41
34260 -2.49071e+07 8.66943e+06 1279.72 3671.25
34320 -2.48293e+07 8.88936e+06 1312.15 3659.8
34380 -2.47496e+07 9.1086e+06 1344.47 3648.07
34440 -2.4668e+07 9.32713e+06 1376.69 3636.05
34500 -2.45844e+07 9.54492e+06 1408.8 3623.75
34560 -2.44989e+07 9.76197e+06 1440.8 3611.16
34620 -2.44115e+07 9.97826e+06 1472.69 3598.29
34680 -2.43222e+07 1.01938e+07 1504.46 3585.14
34740 -2.4231e+07 1.04085e+07 1536.12 3571.71
34800 -2.41379e+07 1.06224e+07 1567.66 3558
34860 -2.40429e+07 1.08354e+07 1599.07 3544.01
34920 -2.3946e+07 1.10476e+07 1630.36 3529.74
34980 -2.38472e+07 1.1259e+07 1661.52 3515.2
35040 -2.37466e+07 1.14695e+07 1692.56 3500.38
35100 -2.36441e+07 1.1679e+07 1723.46 3485.28
35160 -2.35398e+07 1.18877e+07 1754.22 3469.92
35220 -2.34336e+07 1.20954e+07 1784.85 3454.28
35280 -2.33256e+07 1.23022e+07 1815.34 3438.37
35340 -2.32158e+07 1.2508e+07 1845.69 3422.19
35400 -2.31041e+07 1.27128e+07 1875.9 3405.75
35460 -2.29907e+07 1.29167e+07 1905.95 3389.04
35520 -2.28754e+07 1.31195e+07 1935.86 3372.06
35580 -2.27584e+07 1.33213e+07 1965.62 3354.82
35640 -2.26395e+07 1.35221e+07 1995.23 3337.32
35700 -2.25189e+07 1.37218e+07 2024.68 3319.55
35760 -2.23966e+07 1.39204e+07 2053.97 3301.52
35820 -2.22725e+07 1.4118e+07 2083.1 3283.24
35880 -2.21466e+07 1.43144e+07 2112.06 3264.7
35940 -2.2019e+07 1.45097e+07 2140.87 3245.9
36000 -2.18897e+07 1.47039e+07 2169.5 3226.85
36060 -2.17587e+07 1.4897e+07 2197.97 3207.55
36120 -2.1626e+07 1.50888e+07 2226.26 3187.99
36180 -2.14915e+07 1.52795e+07 2254.38 3168.19
36240 -2.13554e+07 1.5469e+07 2282.33 3148.14
36300 -2.12177e+07 1.56573e+07 2310.09 3127.84
36360 -2.10782e+07 1.58443e+07 2337.68 3107.29
36420 -2.09371e+07 1.60302e+07 2365.08 3086.5
36480 -2.07944e+07 1.62147e+07 2392.3 3065.48
36540 -2.06501e+07 1.6398e+07 2419.33 3044.21
36600 -2.05041e+07 1.658e+07 2446.17 3022.7
36660 -2.03565e+07 1.67607e+07 2472.83 3000.95
36720 -2.02074e+07 1.69401e+07 2499.28 2978.97
36780 -2.00566e+07 1.71182e+07 2525.55 2956.76
36840 -1.99043e+07 1.72949e+07 2551.61 2934.31
36900 -1.97504e+07 1.74703e+07 2577.48 2911.64
36960 -1.9595e+07 1.76443e+07 2603.14 2888.74
37020 -1.94381e+07 1.7817e+07 2628.6 2865.61
37080 -1.92796e+07 1.79882e+07 2653.86 2842.25
37140 -1.91196e+07 1.8158e+07 2678.9 2818.68
37200 -1.89581e+07 1.83264e+07 2703.74 2794.88
37260 -1.87952e+07 1.84934e+07 2728.37 2770.86
37320 -1.86307e+07 1.86589e+07 2752.78 2746.63
37380 -1.84648e+07 1.8823e+07 2776.98 2722.18
37440 -1.82975e+07 1.89856e+07 2800.96 2697.52
37500 -1.81287e+07 1.91467e+07 2824.72 2672.65
37560 -1.79585e+07 1.93063e+07 2848.27 2647.56
37620 -1.77869e+07 1.94644e+07 2871.58 2622.27
37680 -1.76139e+07 1.9621e+07 2894.68 2596.78
37740 -1.74396e+07 1.9776e+07 2917.55 2571.08
37800 -1.72638e+07 1.99295e+07 2940.19 2545.18
37860 -1.70868e+07 2.00814e+07 2962.59 2519.08
37920 -1.69083e+07 2.02318e+07 2984.77 2492.78
37980 -1.67286e+07 2.03806e+07 3006.72 2466.29
38040 -1.65475e+07 2.05277e+07 3028.43 2439.6
38100 -1.63652e+07 2.06733e+07 3049.9 2412.72
38160 -1.61815e+07 2.08173e+07 3071.13 2385.66
38220 -1.59966e+07 2.09596e+07 3092.13 2358.4
38280 -1.58105e+07 2.11003e+07 3112.88 2330.96
38340 -1.56231e+07 2.12393e+07 3133.39 2303.34
38400 -1.54345e+07 2.13767e+07 3153.65 2275.54
38460 -1.52447e+07 2.15124e+07 3173.67 2247.56
38520 -1.50537e+07 2.16464e+07 3193.43 2219.41
38580 -1.48615e+07 2.17787e+07 3212.95 2191.08
38640 -1.46681e+07 2.19093e+07 3232.22 2162.57
38700 -1.44736e+07 2.20382e+07 3251.23 2133.9
38760 -1.4278e+07 2.21654e+07 3269.99 2105.06
38820 -1.40812e+07 2.22908e+07 3288.5 2076.06
38880 -1.38834e+07 2.24145e+07 3306.74 2046.89
38940 -1.36844e+07 2.25364e+07 3324.73 2017.57
39000 -1.34844e+07 2.26566e+07 3342.46 1988.08
39060 -1.32833e+07 2.2775e+07 3359.92 1958.44
39120 -1.30812e+07 2.28916e+07 3377.13 1928.65
39180 -1.28781e+07 2.30064e+07 3394.06 1898.7
39240 -1.26739e+07 2.31194e+07 3410.74 1868.61
39300 -1.24688e+07 2.32306e+07 3427.14 1838.36
39360 -1.22627e+07 2.334e+07 3443.28 1807.98
39420 -1.20556e+07 2.34476e+07 3459.15 1777.45
39480 -1.18476e+07 2.35533e+07 3474.75 1746.79
39540 -1.16386e+07 2.36572e+07 3490.07 1715.98
39600 -1.14288e+07 2.37592e+07 3505.13 1685.04
39660 -1.1218e+07 2.38594e+07 3519.9 1653.97
39720 -1.10064e+07 2.39577e+07 3534.41 1622.77
39780 -1.07939e+07 2.40541e+07 3548.63 1591.45
39840 -1.05806e+07 2.41487e+07 3562.58 1560
39900 -1.03664e+07 2.42413e+07 3576.25 1528.42
39960 -1.01514e+07 2.43321e+07 3589.64 1496.73
40020 -9.93565e+06 2.44209e+07 3602.75 1464.92
40080 -9.7191e+06 2.45079e+07 3615.58 1432.99
40140 -9.50178e+06 2.45929e+07 3628.12 1400.95
40200 -9.28373e+06 2.4676e+07 3640.38 1368.8
40260 -9.06494e+06 2.47572e+07 3652.35 1336.55
40320 -8.84545e+06 2.48364e+07 3664.04 1304.19
40380 -8.62526e+06 2.49137e+07 3675.44 1271.72
40440 -8.4044e+06 2.4989e+07 3686.56 1239.16
40500 -8.18288e+06 2.50624e+07 3697.38 1206.5
40560 -7.96072e+06 2.51338e+07 3707.92 1173.75
40620 -7.73794e+06 2.52032e+07 3718.17 1140.9
40680 -7.51455e+06 2.52707e+07 3728.12 1107.97
40740 -7.29057e+06 2.53362e+07 3737.78 1074.94
40800 -7.06602e+06 2.53997e+07 3747.15 1041.84
40860 -6.84092e+06 2.54612e+07 3756.23 1008.65
40920 -6.61528e+06 2.55207e+07 3765.01 975.379
40980 -6.38912e+06 2.55782e+07 3773.5 942.034
41040 -6.16246e+06 2.56337e+07 3781.69 908.616
41100 -5.93532e+06 2.56872e+07 3789.59 875.127
41160 -5.70772e+06 2.57387e+07 3797.19 841.568
41220 -5.47967e+06 2.57882e+07 3804.49 807.944
41280 -5.25119e+06 2.58357e+07 3811.5 774.257
41340 -5.02229e+06 2.58811e+07 3818.2 740.508
41400 -4.79301e+06 2.59246e+07 3824.61 706.702
41460 -4.56335e+06 2.59659e+07 3830.72 672.84
41520 -4.33333e+06 2.60053e+07 3836.52 638.926
41580 -4.10297e+06 2.60426e+07 3842.03 604.961
41640 -3.87229e+06 2.60779e+07 3847.24 570.949
41700 -3.64131e+06 2.61111e+07 3852.14 536.892
41760 -3.41004e+06 2.61423e+07 3856.75 502.793
41820 -3.1785e+06 2.61715e+07 3861.05 468.654
41880 -2.94672e+06 2.61986e+07 3865.05 434.479
41940 -2.71471e+06 2.62236e+07 3868.74 400.27
42000 -2.48248e+06 2.62466e+07 3872.14 366.029
42060 -2.25006e+06 2.62675e+07 3875.23 331.759
42120 -2.01746e+06 2.62864e+07 3878.01 297.464
42180 -1.7847e+06 2.63032e+07 3880.5 263.145
42240 -1.5518e+06 2.6318e+07 3882.68 228.806
42300 -1.31878e+06 2.63307e+07 3884.55 194.448
42360 -1.08566e+06 2.63413e+07 3886.12 160.076
42420 -852456 2.63499e+07 3887.39 125.69
42480 -619183 2.63564e+07 3888.35 91.2954
42540 -385860 2.63608e+07 3889.01 56.8932
42600 -152508 2.63632e+07 3889.36 22.4865
42660 80856.9 2.63635e+07 3889.41 -11.922
42720 314215 2.63618e+07 3889.15 -46.3295
42780 547549 2.6358e+07 3888.59 -80.7334
42840 780841 2.63521e+07 3887.73 -115.131
42900 1.01407e+06 2.63442e+07 3886.56 -149.519
42960 1.24722e+06 2.63342e+07 3885.09 -183.896
43020 1.48028e+06 2.63221e+07 3883.31 -218.259
43080 1.71321e+06 2.6308e+07 3881.23 -252.604
43140 1.94602e+06 2.62918e+07 3878.84 -286.929
43200 2.17867e+06 2.62735e+07 3876.15 -321.232
43260 2.41115e+06 2.62532e+07 3873.16 -355.51
43320 2.64344e+06 2.62309e+07 3869.86 -389.76
43380 2.87553e+06 2.62065e+07 3866.26 -423.979
43440 3.10739e+06 2.618e+07 3862.36 -458.165
43500 3.339e+06 2.61515e+07 3858.15 -492.315
43560 3.57036e+06 2.61209e+07 3853.65 -526.427
43620 3.80143e+06 2.60883e+07 3848.84 -560.497
43680 4.03221e+06 2.60537e+07 3843.73 -594.523
43740 4.26268e+06 2.6017e+07 3838.32 -628.502
43800 4.4928e+06 2.59782e+07 3832.61 -662.433
43860 4.72258e+06 2.59375e+07 3826.6 -696.311
43920 4.95199e+06 2.58947e+07 3820.28 -730.135
43980 5.18101e+06 2.58499e+07 3813.67 -763.901
44040 5.40963e+06 2.5803e+07 3806.76 -797.607
44100 5.63782e+06 2.57542e+07 3799.56 -831.251
44160 5.86557e+06 2.57033e+07 3792.05 -864.83
44220 6.09286e+06 2.56504e+07 3784.25 -898.341
44280 6.31967e+06 2.55955e+07 3776.15 -931.781
44340 6.54599e+06 2.55386e+07 3767.76 -965.149
44400 6.7718e+06 2.54797e+07 3759.07 -998.44
44460 6.99707e+06 2.54188e+07 3750.09 -1031.65
44520 7.2218e+06 2.53559e+07 3740.81 -1064.79
44580 7.44596e+06 2.5291e+07 3731.24 -1097.83
44640 7.66954e+06 2.52241e+07 3721.38 -1130.8
44700 7.89252e+06 2.51553e+07 3711.23 -1163.67
44760 8.11489e+06 2.50845e+07 3700.79 -1196.45
44820 8.33661e+06 2.50117e+07 3690.05 -1229.14
44880 8.55769e+06 2.4937e+07 3679.03 -1261.74
44940 8.77809e+06 2.48603e+07 3667.72 -1294.23
45000 8.99781e+06 2.47817e+07 3656.13 -1326.62
45060 9.21682e+06 2.47011e+07 3644.24 -1358.91
45120 9.43511e+06 2.46186e+07 3632.07 -1391.09
45180 9.65266e+06 2.45342e+07 3619.62 -1423.16
45240 9.86946e+06 2.44478e+07 3606.89 -1455.12
45300 1.00855e+07 2.43596e+07 3593.87 -1486.97
45360 1.03007e+07 2.42694e+07 3580.57 -1518.7
45420 1.05151e+07 2.41773e+07 3566.99 -1550.31
45480 1.07288e+07 2.40834e+07 3553.13 -1581.8
45540 1.09415e+07 2.39875e+07 3538.99 -1613.16
45600 1.11534e+07 2.38898e+07 3524.58 -1644.4
45660 1.13645e+07 2.37902e+07 3509.89 -1675.51
45720 1.15746e+07 2.36887e+07 3494.92 -1706.49
45780 1.17838e+07 2.35854e+07 3479.68 -1737.34
45840 1.19922e+07 2.34803e+07 3464.17 -1768.04
45900 1.21995e+07 2.33733e+07 3448.39 -1798.61
45960 1.2406e+07 2.32644e+07 3432.34 -1829.04
46020 1.26114e+07 2.31538e+07 3416.02 -1859.33
46080 1.28159e+07 2.30413e+07 3399.43 -1889.47
46140 1.30193e+07 2.2927e+07 3382.58 -1919.46
46200 1.32218e+07 2.2811e+07 3365.46 -1949.3
46260 1.34232e+07 2.26931e+07 3348.08 -1978.99
46320 1.36236e+07 2.25735e+07 3330.44 -2008.52
46380 1.38228e+07 2.24521e+07 3312.53 -2037.89
46440 1.4021e+07 2.2329e+07 3294.37 -2067.11
46500 1.42182e+07 2.22041e+07 3275.95 -2096.16
46560 1.44142e+07 2.20774e+07 3257.27 -2125.05
46620 1.4609e+07 2.19491e+07 3238.34 -2153.77
46680 1.48028e+07 2.1819e+07 3219.15 -2182.33
46740 1.49953e+07 2.16872e+07 3199.72 -2210.71
46800 1.51867e+07 2.15537e+07 3180.03 -2238.92
46860 1.53769e+07 2.14185e+07 3160.09 -2266.95
46920 1.55659e+07 2.12817e+07 3139.91 -2294.81
46980 1.57537e+07 2.11431e+07 3119.48 -2322.48
47040 1.59403e+07 2.1003e+07 3098.81 -2349.97
47100 1.61256e+07 2.08611e+07 3077.89 -2377.28
47160 1.63096e+07 2.07177e+07 3056.74 -2404.41
47220 1.64924e+07 2.05726e+07 3035.34 -2431.34
47280 1.66738e+07 2.04259e+07 3013.71 -2458.09
47340 1.6854e+07 2.02777e+07 2991.84 -2484.64
47400 1.70328e+07 2.01278e+07 2969.74 -2510.99
47460 1.72104e+07 1.99763e+07 2947.4 -2537.15
47520 1.73865e+07 1.98233e+07 2924.84 -2563.11
47580 1.75613e+07 1.96688e+07 2902.05 -2588.87
47640 1.77348e+07 1.95127e+07 2879.03 -2614.43
47700 1.79068e+07 1.9355e+07 2855.78 -2639.78
47760 1.80775e+07 1.91959e+07 2832.31 -2664.93
47820 1.82467e+07 1.90353e+07 2808.62 -2689.86
47880 1.84145e+07 1.88731e+07 2784.71 -2714.59
47940 1.85809e+07 1.87095e+07 2760.59 -2739.1
48000 1.87458e+07 1.85444e+07 2736.24 -2763.4
48060 1.89092e+07 1.83779e+07 2711.69 -2787.48
48120 1.90712e+07 1.82099e+07 2686.92 -2811.34
48180 1.92316e+07 1.80406e+07 2661.94 -2834.99
48240 1.93906e+07 1.78697e+07 2636.75 -2858.41
48300 1.9548e+07 1.76975e+07 2611.36 -2881.6
48360 1.97039e+07 1.7524e+07 2585.76 -2904.57
48420 1.98583e+07 1.7349e+07 2559.96 -2927.32
48480 2.00111e+07 1.71727e+07 2533.96 -2949.83
48540 2.01624e+07 1.6995e+07 2507.77 -2972.11
48600 2.03121e+07 1.6816e+07 2481.37 -2994.16
48660 2.04602e+07 1.66357e+07 2454.79 -3015.98
48720 2.06066e+07 1.64541e+07 2428.01 -3037.56
48780 2.07515e+07 1.62712e+07 2401.04 -3058.9
48840 2.08948e+07 1.60871e+07 2373.89 -3080
48900 2.10364e+07 1.59016e+07 2346.55 -3100.86
48960 2.11763e+07 1.5715e+07 2319.02 -3121.47
49020 2.13146e+07 1.55271e+07 2291.32 -3141.85
49080 2.14513e+07 1.53379e+07 2263.43 -3161.97
49140 2.15863e+07 1.51476e+07 2235.37 -3181.85
49200 2.17195e+07 1.49561e+07 2207.14 -3201.48
49260 2.18511e+07 1.47635e+07 2178.73 -3220.86
49320 2.1981e+07 1.45696e+07 2150.15 -3239.98
49380 2.21091e+07 1.43747e+07 2121.41 -3258.86
49440 2.22355e+07 1.41786e+07 2092.5 -3277.47
49500 2.23602e+07 1.39814e+07 2063.42 -3295.83
49560 2.24832e+07 1.37831e+07 2034.19 -3313.94
49620 2.26043e+07 1.35837e+07 2004.79 -3331.78
49680 2.27237e+07 1.33833e+07 1975.24 -3349.36
49740 2.28413e+07 1.31818e+07 1945.54 -3366.68
49800 2.29572e+07 1.29793e+07 1915.68 -3383.73
49860 2.30712e+07 1.27757e+07 1885.68 -3400.53
49920 2.31835e+07 1.25712e+07 1855.52 -3417.05
49980 2.32939e+07 1.23657e+07 1825.23 -3433.31
50040 2.34025e+07 1.21592e+07 1794.79 -3449.29
50100 2.35093e+07 1.19518e+07 1764.21 -3465.01
50160 2.36142e+07 1.17434e+07 1733.49 -3480.46
50220 2.37173e+07 1.15341e+07 1702.64 -3495.63
50280 2.38185e+07 1.1324e+07 1671.66 -3510.53
50340 2.39179e+07 1.11129e+07 1640.54 -3525.16
50400 2.40154e+07 1.09009e+07 1609.3 -3539.51
50460 2.4111e+07 1.06882e+07 1577.93 -3553.58
50520 2.42047e+07 1.04745e+07 1546.44 -3567.38
50580 2.42966e+07 1.02601e+07 1514.83 -3580.89
50640 2.43865e+07 1.00448e+07 1483.1 -3594.13
50700 2.44745e+07 9.82879e+06 1451.25 -3607.08
50760 2.45606e+07 9.61198e+06 1419.3 -3619.75
50820 2.46448e+07 9.39442e+06 1387.23 -3632.14
50880 2.47271e+07 9.17613e+06 1355.05 -3644.24
50940 2.48074e+07 8.95712e+06 1322.77 -3656.06
51000 2.48858e+07 8.73741e+06 1290.39 -3667.59
51060 2.49623e+07 8.51701e+06 1257.9 -3678.84
51120 2.50368e+07 8.29595e+06 1225.32 -3689.79
51180 2.51093e+07 8.07424e+06 1192.64 -3700.46
51240 2.51799e+07 7.8519e+06 1159.87 -3710.84
51300 2.52485e+07 7.62895e+06 1127.01 -3720.93
51360 2.53151e+07 7.4054e+06 1094.06 -3730.73
51420 2.53798e+07 7.18127e+06 1061.03 -3740.23
51480 2.54425e+07 6.95657e+06 1027.91 -3749.45
51540 2.55031e+07 6.73134e+06 994.716 -3758.37
51600 2.55618e+07 6.50558e+06 961.443 -3766.99
51660 2.56185e+07 6.2793e+06 928.096 -3775.32
51720 2.56732e+07 6.05254e+06 894.677 -3783.36
51780 2.57259e+07 5.82531e+06 861.189 -3791.1
51840 2.57765e+07 5.59762e+06 827.633 -3798.54
51900 2.58252e+07 5.36949e+06 794.014 -3805.69
51960 2.58718e+07 5.14094e+06 760.333 -3812.53
52020 2.59164e+07 4.91199e+06 726.594 -3819.08
52080 2.5959e+07 4.68266e+06 692.798 -3825.33
52140 2.59996e+07 4.45296e+06 658.949 -3831.29
52200 2.60381e+07 4.22291e+06 625.049 -3836.94
52260 2.60746e+07 3.99253e+06 591.1 -3842.29
52320 2.6109e+07 3.76184e+06 557.106 -3847.34
52380 2.61414e+07 3.53085e+06 523.069 -3852.09
52440 2.61718e+07 3.29959e+06 488.992 -3856.54
52500 2.62001e+07 3.06808e+06 454.878 -3860.69
52560 2.62264e+07 2.83632e+06 420.728 -3864.54
52620 2.62506e+07 2.60434e+06 386.546 -3868.08
52680 2.62727e+07 2.37215e+06 352.335 -3871.32
52740 2.62929e+07 2.13978e+06 318.096 -3874.26
52800 2.63109e+07 1.90725e+06 283.834 -3876.9
52860 2.63269e+07 1.67456e+06 249.55 -3879.23
52920 2.63409e+07 1.44175e+06 215.247 -3881.26
52980 2.63527e+07 1.20882e+06 180.928 -3882.99
53040 2.63626e+07 975793 146.595 -3884.41
53100 2.63703e+07 742693 112.252 -3885.53
53160 2.6376e+07 509536 77.9003 -3886.35
53220 2.63797e+07 276338 43.5434 -3886.86
53280 2.63813e+07 43118.7 9.18378 -3887.07
53340 2.63808e+07 -190104 -25.1759 -3886.97
53400 2.63782e+07 -423312 -59.533 -3886.57
53460 2.63736e+07 -656486 -93.8847 -3885.87
53520 2.6367e+07 -889610 -128.228 -3884.86
53580 2.63583e+07 -1.12266e+06 -162.562 -3883.55
53640 2.63475e+07 -1.35563e+06 -196.881 -3881.94
53700 2.63346e+07 -1.58849e+06 -231.185 -3880.02
53760 2.63197e+07 -1.82123e+06 -265.47 -3877.8
53820 2.63028e+07 -2.05382e+06 -299.733 -3875.28
53880 2.62838e+07 -2.28625e+06 -333.973 -3872.45
53940 2.62627e+07 -2.51851e+06 -368.185 -3869.32
54000 2.62396e+07 -2.75057e+06 -402.369 -3865.89
54060 2.62144e+07 -2.98241e+06 -436.52 -3862.16
54120 2.61872e+07 -3.21402e+06 -470.636 -3858.12
54180 2.61579e+07 -3.44538e+06 -504.715 -3853.79
54240 2.61266e+07 -3.67647e+06 -538.754 -3849.15
54300 2.60933e+07 -3.90727e+06 -572.75 -3844.21
54360 2.60579e+07 -4.13777e+06 -606.7 -3838.98
54420 2.60205e+07 -4.36794e+06 -640.603 -3833.44
54480 2.5981e+07 -4.59777e+06 -674.455 -3827.6
54540 2.59396e+07 -4.82725e+06 -708.253 -3821.47
54600 2.5896e+07 -5.05634e+06 -741.996 -3815.03
54660 2.58505e+07 -5.28504e+06 -775.68 -3808.3
54720 2.5803e+07 -5.51333e+06 -809.303 -3801.27
54780 2.57534e+07 -5.74119e+06 -842.861 -3793.94
54840 2.57018e+07 -5.9686e+06 -876.354 -3786.32
54900 2.56482e+07 -6.19554e+06 -909.777 -3778.4
54960 2.55927e+07 -6.422e+06 -943.128 -3770.19
55020 2.55351e+07 -6.64796e+06 -976.406 -3761.68
55080 2.54755e+07 -6.8734e+06 -1009.61 -3752.88
55140 2.54139e+07 -7.0983e+06 -1042.73 -3743.79
55200 2.53504e+07 -7.32265e+06 -1075.77 -3734.4
55260 2.52848e+07 -7.54642e+06 -1108.72 -3724.72
55320 2.52173e+07 -7.76961e+06 -1141.59 -3714.75
55380 2.51478e+07 -7.99219e+06 -1174.36 -3704.5
55440 2.50764e+07 -8.21414e+06 -1207.05 -3693.95
55500 2.5003e+07 -8.43546e+06 -1239.64 -3683.11
55560 2.49276e+07 -8.65611e+06 -1272.13 -3671.99
55620 2.48503e+07 -8.87609e+06 -1304.52 -3660.58
55680 2.47711e+07 -9.09537e+06 -1336.81 -3648.88
55740 2.46899e+07 -9.31395e+06 -1369 -3636.9
55800 2.46068e+07 -9.5318e+06 -1401.07 -3624.64
55860 2.45218e+07 -9.7489e+06 -1433.04 -3612.09
55920 2.44349e+07 -9.96524e+06 -1464.9 -3599.27
55980 2.4346e+07 -1.01808e+07 -1496.64 -3586.16
56040 2.42553e+07 -1.03956e+07 -1528.26 -3572.77
56100 2.41626e+07 -1.06095e+07 -1559.76 -3559.1
56160 2.40681e+07 -1.08227e+07 -1591.14 -3545.15
56220 2.39717e+07 -1.10349e+07 -1622.4 -3530.93
56280 2.38734e+07 -1.12464e+07 -1653.53 -3516.43
56340 2.37733e+07 -1.14569e+07 -1684.52 -3501.66
56400 2.36713e+07 -1.16666e+07 -1715.39 -3486.62
56460 2.35674e+07 -1.18753e+07 -1746.12 -3471.3
56520 2.34617e+07 -1.20831e+07 -1776.72 -3455.71
56580 2.33542e+07 -1.229e+07 -1807.17 -3439.86
56640 2.32449e+07 -1.24959e+07 -1837.49 -3423.73
56700 2.31337e+07 -1.27008e+07 -1867.66 -3407.34
56760 2.30208e+07 -1.29048e+07 -1897.68 -3390.68
56820 2.2906e+07 -1.31077e+07 -1927.56 -3373.76
56880 2.27895e+07 -1.33096e+07 -1957.28 -3356.57
56940 2.26711e+07 -1.35105e+07 -1986.85 -3339.13
57000 2.2551e+07 -1.37103e+07 -2016.27 -3321.42
57060 2.24292e+07 -1.3909e+07 -2045.52 -3303.45
57120 2.23056e+07 -1.41067e+07 -2074.62 -3285.23
57180 2.21802e+07 -1.43033e+07 -2103.55 -3266.75
57240 2.20532e+07 -1.44987e+07 -2132.32 -3248.02
57300 2.19244e+07 -1.4693e+07 -2160.93 -3229.03
57360 2.17939e+07 -1.48862e+07 -2189.36 -3209.79
57420 2.16616e+07 -1.50782e+07 -2217.62 -3190.3
57480 2.15277e+07 -1.5269e+07 -2245.71 -3170.56
57540 2.13922e+07 -1.54587e+07 -2273.62 -3150.57
57600 2.12549e+07 -1.56471e+07 -2301.36 -3130.34
57660 2.1116e+07 -1.58343e+07 -2328.91 -3109.87
57720 2.09754e+07 -1.60203e+07 -2356.29 -3089.15
57780 2.08332e+07 -1.6205e+07 -2383.48 -3068.19
57840 2.06894e+07 -1.63884e+07 -2410.48 -3047
57900 2.0544e+07 -1.65706e+07 -2437.29 -3025.56
57960 2.0397e+07 -1.67515e+07 -2463.91 -3003.89
58020 2.02483e+07 -1.69311e+07 -2490.34 -2981.99
58080 2.00981e+07 -1.71093e+07 -2516.58 -2959.85
58140 1.99463e+07 -1.72863e+07 -2542.62 -2937.48
58200 1.9793e+07 -1.74618e+07 -2568.46 -2914.89
58260 1.96381e+07 -1.7636e+07 -2594.1 -2892.06
58320 1.94817e+07 -1.78089e+07 -2619.53 -2869.01
58380 1.93238e+07 -1.79803e+07 -2644.76 -2845.74
58440 1.91644e+07 -1.81504e+07 -2669.79 -2822.25
58500 1.90034e+07 -1.8319e+07 -2694.6 -2798.53
58560 1.8841e+07 -1.84862e+07 -2719.21 -2774.6
58620 1.86771e+07 -1.86519e+07 -2743.6 -2750.45
58680 1.85118e+07 -1.88162e+07 -2767.78 -2726.09
58740 1.8345e+07 -1.89791e+07 -2791.74 -2701.52
58800 1.81768e+07 -1.91404e+07 -2815.49 -2676.73
58860 1.80071e+07 -1.93003e+07 -2839.01 -2651.74
58920 1.78361e+07 -1.94586e+07 -2862.31 -2626.54
58980 1.76637e+07 -1.96154e+07 -2885.39 -2601.14
59040 1.74899e+07 -1.97707e+07 -2908.24 -2575.53
59100 1.73147e+07 -1.99245e+07 -2930.87 -2549.72
59160 1.71382e+07 -2.00767e+07 -2953.26 -2523.71
59220 1.69603e+07 -2.02273e+07 -2975.43 -2497.51
59280 1.67811e+07 -2.03764e+07 -2997.36 -2471.12
59340 1.66006e+07 -2.05239e+07 -3019.06 -2444.53
59400 1.64188e+07 -2.06697e+07 -3040.53 -2417.75
59460 1.62358e+07 -2.0814e+07 -3061.75 -2390.78
59520 1.60514e+07 -2.09566e+07 -3082.74 -2363.62
59580 1.58658e+07 -2.10976e+07 -3103.49 -2336.29
59640 1.5679e+07 -2.1237e+07 -3123.99 -2308.77
59700 1.5491e+07 -2.13747e+07 -3144.25 -2281.07
59760 1.53017e+07 -2.15107e+07 -3164.26 -2253.19
59820 1.51113e+07 -2.16451e+07 -3184.03 -2225.14
59880 1.49196e+07 -2.17777e+07 -3203.55 -2196.91
59940 1.47268e+07 -2.19087e+07 -3222.82 -2168.51
60000 1.45329e+07 -2.20379e+07 -3241.84 -2139.95
60060 1.43378e+07 -2.21655e+07 -3260.6 -2111.21
60120 1.41416e+07 -2.22913e+07 -3279.11 -2082.32
60180 1.39443e+07 -2.24154e+07 -3297.36 -2053.26
60240 1.37459e+07 -2.25377e+07 -3315.36 -2024.04
60300 1.35465e+07 -2.26582e+07 -3333.1 -1994.66
60360 1.3346e+07 -2.2777e+07 -3350.57 -1965.13
60420 1.31444e+07 -2.2894e+07 -3367.79 -1935.45
60480 1.29418e+07 -2.30093e+07 -3384.74 -1905.61
60540 1.27383e+07 -2.31227e+07 -3401.43 -1875.63
60600 1.25337e+07 -2.32344e+07 -3417.85 -1845.5
60660 1.23281e+07 -2.33442e+07 -3434.01 -1815.23
60720 1.21216e+07 -2.34522e+07 -3449.9 -1784.81
60780 1.19141e+07 -2.35584e+07 -3465.52 -1754.26
60840 1.17058e+07 -2.36627e+07 -3480.86 -1723.57
60900 1.14964e+07 -2.37652e+07 -3495.94 -1692.75
60960 1.12862e+07 -2.38658e+07 -3510.75 -1661.79
61020 1.10752e+07 -2.39646e+07 -3525.28 -1630.71
61080 1.08632e+07 -2.40615e+07 -3539.53 -1599.5
61140 1.06504e+07 -2.41565e+07 -3553.51 -1568.16
61200 1.04368e+07 -2.42497e+07 -3567.21 -1536.7
61260 1.02224e+07 -2.43409e+07 -3580.64 -1505.13
61320 1.00071e+07 -2.44303e+07 -3593.78 -1473.43
61380 9.79112e+06 -2.45177e+07 -3606.64 -1441.62
61440 9.57434e+06 -2.46033e+07 -3619.23 -1409.7
61500 9.35681e+06 -2.46869e+07 -3631.53 -1377.67
61560 9.13856e+06 -2.47686e+07 -3643.54 -1345.53
61620 8.91959e+06 -2.48484e+07 -3655.28 -1313.29
61680 8.69993e+06 -2.49262e+07 -3666.72 -1280.94
61740 8.47959e+06 -2.50021e+07 -3677.89 -1248.5
61800 8.25859e+06 -2.5076e+07 -3688.76 -1215.96
61860 8.03695e+06 -2.5148e+07 -3699.35 -1183.32
61920 7.81468e+06 -2.5218e+07 -3709.65 -1150.59
61980 7.5918e+06 -2.52861e+07 -3719.65 -1117.77
62040 7.36832e+06 -2.53521e+07 -3729.37 -1084.87
62100 7.14428e+06 -2.54162e+07 -3738.8 -1051.88
62160 6.91967e+06 -2.54784e+07 -3747.94 -1018.81
62220 6.69453e+06 -2.55385e+07 -3756.78 -985.658
62280 6.46887e+06 -2.55966e+07 -3765.33 -952.431
62340 6.2427e+06 -2.56528e+07 -3773.59 -919.13
62400 6.01604e+06 -2.57069e+07 -3781.56 -885.758
62460 5.78892e+06 -2.57591e+07 -3789.22 -852.316
62520 5.56134e+06 -2.58092e+07 -3796.6 -818.809
62580 5.33333e+06 -2.58573e+07 -3803.67 -785.237
62640 5.1049e+06 -2.59034e+07 -3810.45 -751.605
62700 4.87608e+06 -2.59475e+07 -3816.94 -717.914
62760 4.64688e+06 -2.59896e+07 -3823.12 -684.167
62820 4.41731e+06 -2.60296e+07 -3829.01 -650.367
62880 4.1874e+06 -2.60676e+07 -3834.6 -616.516
62940 3.95717e+06 -2.61036e+07 -3839.89 -582.618
63000 3.72662e+06 -2.61375e+07 -3844.88 -548.674
63060 3.49579e+06 -2.61694e+07 -3849.57 -514.688
63120 3.26468e+06 -2.61993e+07 -3853.96 -480.661
63180 3.03332e+06 -2.62271e+07 -3858.05 -446.597
63240 2.80172e+06 -2.62529e+07 -3861.84 -412.499
63300 2.5699e+06 -2.62766e+07 -3865.33 -378.368
63360 2.33789e+06 -2.62983e+07 -3868.52 -344.208
63420 2.10569e+06 -2.63179e+07 -3871.4 -310.021
63480 1.87332e+06 -2.63355e+07 -3873.98 -275.81
63540 1.64082e+06 -2.6351e+07 -3876.27 -241.577
63600 1.40818e+06 -2.63645e+07 -3878.24 -207.326
63660 1.17543e+06 -2.63759e+07 -3879.92 -173.059
63720 942594 -2.63853e+07 -3881.29 -138.778
63780 709683 -2.63926e+07 -3882.37 -104.486
63840 476716 -2.63978e+07 -3883.14 -70.1866
63900 243712 -2.6401e+07 -3883.6 -35.8814
63960 10689.9 -2.64021e+07 -3883.76 -1.57346
64020 -222333 -2.64012e+07 -3883.63 32.7346
64080 -455339 -2.63982e+07 -3883.18 67.0402
64140 -688309 -2.63931e+07 -3882.44 101.341
64200 -921226 -2.6386e+07 -3881.39 135.633
64260 -1.15407e+06 -2.63768e+07 -3880.04 169.915
64320 -1.38682e+06 -2.63656e+07 -3878.39 204.184
64380 -1.61947e+06 -2.63523e+07 -3876.43 238.436
64440 -1.85199e+06 -2.6337e+07 -3874.17 272.671
64500 -2.08437e+06 -2.63196e+07 -3871.61 306.884
64560 -2.31658e+06 -2.63002e+07 -3868.75 341.073
64620 -2.54861e+06 -2.62787e+07 -3865.59 375.236
64680 -2.78044e+06 -2.62552e+07 -3862.13 409.369
64740 -3.01206e+06 -2.62296e+07 -3858.36 443.471
64800 -3.24344e+06 -2.62019e+07 -3854.29 477.538
64860 -3.47457e+06 -2.61723e+07 -3849.93 511.568
64920 -3.70543e+06 -2.61406e+07 -3845.26 545.558
64980 -3.93599e+06 -2.61068e+07 -3840.29 579.506
65040 -4.16625e+06 -2.6071e+07 -3835.03 613.409
65100 -4.39619e+06 -2.60332e+07 -3829.46 647.264
65160 -4.62578e+06 -2.59933e+07 -3823.6 681.069
65220 -4.85502e+06 -2.59515e+07 -3817.43 714.821
65280 -5.08387e+06 -2.59076e+07 -3810.97 748.517
65340 -5.31233e+06 -2.58616e+07 -3804.22 782.155
65400 -5.54037e+06 -2.58137e+07 -3797.16 815.732
65460 -5.76798e+06 -2.57638e+07 -3789.81 849.246
65520 -5.99514e+06 -2.57118e+07 -3782.17 882.694
65580 -6.22184e+06 -2.56578e+07 -3774.23 916.073
65640 -6.44804e+06 -2.56019e+07 -3765.99 949.38
65700 -6.67375e+06 -2.55439e+07 -3757.47 982.614
65760 -6.89893e+06 -2.5484e+07 -3748.64 1015.77
65820 -7.12358e+06 -2.5422e+07 -3739.53 1048.85
65880 -7.34767e+06 -2.53581e+07 -3730.13 1081.85
65940 -7.57119e+06 -2.52922e+07 -3720.43 1114.76
66000 -7.79412e+06 -2.52243e+07 -3710.44 1147.59
66060 -8.01644e+06 -2.51545e+07 -3700.17 1180.32
66120 -8.23813e+06 -2.50827e+07 -3689.6 1212.97
66180 -8.45918e+06 -2.50089e+07 -3678.75 1245.52
66240 -8.67958e+06 -2.49332e+07 -3667.61 1277.97
66300 -8.89929e+06 -2.48556e+07 -3656.19 1310.33
66360 -9.11831e+06 -2.4776e+07 -3644.48 1342.58
66420 -9.33662e+06 -2.46945e+07 -3632.48 1374.73
66480 -9.5542e+06 -2.4611e+07 -3620.2 1406.77
66540 -9.77104e+06 -2.45257e+07 -3607.64 1438.7
66600 -9.98712e+06 -2.44384e+07 -3594.8 1470.52
66660 -1.02024e+07 -2.43492e+07 -3581.68 1502.23
66720 -1.04169e+07 -2.42581e+07 -3568.28 1533.82
66780 -1.06306e+07 -2.41651e+07 -3554.6 1565.28
66840 -1.08435e+07 -2.40703e+07 -3540.64 1596.63
66900 -1.10555e+07 -2.39736e+07 -3526.41 1627.86
66960 -1.12666e+07 -2.38749e+07 -3511.9 1658.95
67020 -1.14769e+07 -2.37745e+07 -3497.11 1689.92
67080 -1.16863e+07 -2.36722e+07 -3482.06 1720.76
67140 -1.18947e+07 -2.3568e+07 -3466.73 1751.46
67200 -1.21023e+07 -2.3462e+07 -3451.13 1782.02
67260 -1.23089e+07 -2.33542e+07 -3435.26 1812.45
67320 -1.25145e+07 -2.32445e+07 -3419.13 1842.74
67380 -1.27192e+07 -2.3133e+07 -3402.73 1872.88
67440 -1.29228e+07 -2.30198e+07 -3386.06 1902.88
67500 -1.31255e+07 -2.29047e+07 -3369.13 1932.73
67560 -1.33271e+07 -2.27878e+07 -3351.93 1962.43
67620 -1.35277e+07 -2.26692e+07 -3334.47 1991.97
67680 -1.37272e+07 -2.25488e+07 -3316.76 2021.36
67740 -1.39257e+07 -2.24266e+07 -3298.78 2050.6
67800 -1.41231e+07 -2.23027e+07 -3280.55 2079.67
67860 -1.43194e+07 -2.21771e+07 -3262.06 2108.59
67920 -1.45145e+07 -2.20497e+07 -3243.31 2137.33
67980 -1.47086e+07 -2.19206e+07 -3224.31 2165.92
68040 -1.49014e+07 -2.17898e+07 -3205.07 2194.33
68100 -1.50932e+07 -2.16573e+07 -3185.57 2222.57
68160 -1.52837e+07 -2.15231e+07 -3165.82 2250.64
68220 -1.54731e+07 -2.13872e+07 -3145.82 2278.54
68280 -1.56612e+07 -2.12497e+07 -3125.58 2306.25
68340 -1.58481e+07 -2.11105e+07 -3105.09 2333.79
68400 -1.60338e+07 -2.09696e+07 -3084.37 2361.15
68460 -1.62182e+07 -2.08271e+07 -3063.4 2388.32
68520 -1.64014e+07 -2.0683e+07 -3042.19 2415.31
68580 -1.65833e+07 -2.05373e+07 -3020.74 2442.11
68640 -1.67639e+07 -2.039e+07 -2999.06 2468.71
68700 -1.69432e+07 -2.02411e+07 -2977.14 2495.13
68760 -1.71211e+07 -2.00906e+07 -2955 2521.35
68820 -1.72978e+07 -1.99385e+07 -2932.62 2547.38
68880 -1.74731e+07 -1.97849e+07 -2910.01 2573.2
68940 -1.7647e+07 -1.96297e+07 -2887.17 2598.83
69000 -1.78195e+07 -1.9473e+07 -2864.11 2624.26
69060 -1.79907e+07 -1.93148e+07 -2840.82 2649.48
69120 -1.81604e+07 -1.91551e+07 -2817.31 2674.49
69180 -1.83287e+07 -1.89939e+07 -2793.59 2699.3
69240 -1.84956e+07 -1.88312e+07 -2769.64 2723.89
69300 -1.86611e+07 -1.8667e+07 -2745.48 2748.28
69360 -1.88251e+07 -1.85014e+07 -2721.1 2772.44
69420 -1.89876e+07 -1.83343e+07 -2696.51 2796.4
69480 -1.91487e+07 -1.81658e+07 -2671.71 2820.13
69540 -1.93082e+07 -1.79959e+07 -2646.7 2843.65
69600 -1.94663e+07 -1.78246e+07 -2621.48 2866.94
69660 -1.96228e+07 -1.76519e+07 -2596.06 2890.02
69720 -1.97778e+07 -1.74778e+07 -2570.43 2912.86
69780 -1.99312e+07 -1.73023e+07 -2544.6 2935.48
69840 -2.00831e+07 -1.71255e+07 -2518.58 2957.87
69900 -2.02335e+07 -1.69474e+07 -2492.36 2980.03
69960 -2.03822e+07 -1.67679e+07 -2465.94 3001.96
70020 -2.05294e+07 -1.65872e+07 -2439.33 3023.65
70080 -2.06749e+07 -1.64051e+07 -2412.53 3045.11
70140 -2.08189e+07 -1.62218e+07 -2385.54 3066.33
70200 -2.09612e+07 -1.60372e+07 -2358.36 3087.32
70260 -2.11019e+07 -1.58513e+07 -2331 3108.06
70320 -2.12409e+07 -1.56642e+07 -2303.45 3128.56
70380 -2.13783e+07 -1.54759e+07 -2275.73 3148.82
70440 -2.1514e+07 -1.52863e+07 -2247.83 3168.83
70500 -2.1648e+07 -1.50956e+07 -2219.75 3188.59
70560 -2.17804e+07 -1.49037e+07 -2191.49 3208.1
70620 -2.1911e+07 -1.47106e+07 -2163.07 3227.37
70680 -2.20399e+07 -1.45164e+07 -2134.48 3246.38
70740 -2.21671e+07 -1.43211e+07 -2105.71 3265.14
70800 -2.22926e+07 -1.41246e+07 -2076.79 3283.65
70860 -2.24163e+07 -1.39271e+07 -2047.7 3301.9
70920 -2.25383e+07 -1.37284e+07 -2018.45 3319.89
70980 -2.26585e+07 -1.35287e+07 -1989.04 3337.63
71040 -2.2777e+07 -1.33279e+07 -1959.48 3355.1
71100 -2.28937e+07 -1.31261e+07 -1929.76 3372.31
71160 -2.30086e+07 -1.29232e+07 -1899.89 3389.26
71220 -2.31217e+07 -1.27194e+07 -1869.88 3405.95
71280 -2.3233e+07 -1.25145e+07 -1839.71 3422.37
71340 -2.33424e+07 -1.23087e+07 -1809.4 3438.52
71400 -2.34501e+07 -1.21019e+07 -1778.95 3454.4
71460 -2.35559e+07 -1.18942e+07 -1748.36 3470.02
71520 -2.36599e+07 -1.16855e+07 -1717.64 3485.36
71580 -2.3762e+07 -1.14759e+07 -1686.77 3500.44
71640 -2.38623e+07 -1.12654e+07 -1655.78 3515.23
71700 -2.39607e+07 -1.10541e+07 -1624.65 3529.76
71760 -2.40572e+07 -1.08419e+07 -1593.4 3544.01
71820 -2.41519e+07 -1.06288e+07 -1562.03 3557.98
71880 -2.42447e+07 -1.04149e+07 -1530.53 3571.68
71940 -2.43356e+07 -1.02002e+07 -1498.9 3585.1
72000 -2.44246e+07 -9.98472e+06 -1467.17 3598.24
72060 -2.45116e+07 -9.76844e+06 -1435.31 3611.09
72120 -2.45968e+07 -9.5514e+06 -1403.35 3623.67
72180 -2.468e+07 -9.33361e+06 -1371.27 3635.96
72240 -2.47613e+07 -9.11509e+06 -1339.09 3647.97
72300 -2.48407e+07 -8.89586e+06 -1306.8 3659.69
72360 -2.49182e+07 -8.67593e+06 -1274.4 3671.13
72420 -2.49936e+07 -8.45533e+06 -1241.91 3682.28
72480 -2.50672e+07 -8.23406e+06 -1209.32 3693.15
72540 -2.51388e+07 -8.01216e+06 -1176.63 3703.73
72600 -2.52084e+07 -7.78962e+06 -1143.85 3714.01
72660 -2.5276e+07 -7.56648e+06 -1110.98 3724.01
72720 -2.53417e+07 -7.34275e+06 -1078.03 3733.72
72780 -2.54054e+07 -7.11844e+06 -1044.98 3743.13
72840 -2.54671e+07 -6.89358e+06 -1011.86 3752.26
72900 -2.55268e+07 -6.66817e+06 -978.656 3761.09
72960 -2.55845e+07 -6.44225e+06 -945.374 3769.62
73020 -2.56402e+07 -6.21583e+06 -912.018 3777.86
73080 -2.5694e+07 -5.98891e+06 -878.589 3785.81
73140 -2.57457e+07 -5.76153e+06 -845.091 3793.46
73200 -2.57954e+07 -5.5337e+06 -811.527 3800.82
73260 -2.58431e+07 -5.30544e+06 -777.897 3807.88
73320 -2.58887e+07 -5.07676e+06 -744.207 3814.64
73380 -2.59324e+07 -4.84769e+06 -710.457 3821.1
73440 -2.5974e+07 -4.61824e+06 -676.651 3827.27
73500 -2.60136e+07 -4.38842e+06 -642.791 3833.13
73560 -2.60511e+07 -4.15827e+06 -608.88 3838.7
73620 -2.60866e+07 -3.92779e+06 -574.92 3843.97
73680 -2.61201e+07 -3.697e+06 -540.915 3848.93
73740 -2.61515e+07 -3.46592e+06 -506.866 3853.6
73800 -2.61809e+07 -3.23457e+06 -472.777 3857.96
73860 -2.62083e+07 -3.00297e+06 -438.651 3862.02
73920 -2.62336e+07 -2.77114e+06 -404.489 3865.79
73980 -2.62568e+07 -2.53908e+06 -370.294 3869.25
74040 -2.6278e+07 -2.30683e+06 -336.07 3872.4
74100 -2.62971e+07 -2.0744e+06 -301.818 3875.26
74160 -2.63142e+07 -1.84181e+06 -267.542 3877.81
74220 -2.63292e+07 -1.60907e+06 -233.244 3880.06
74280 -2.63422e+07 -1.37621e+06 -198.927 3882
74340 -2.63531e+07 -1.14324e+06 -164.594 3883.64
74400 -2.6362e+07 -910176 -130.247 3884.98
74460 -2.63687e+07 -677045 -95.8882 3886.01
74520 -2.63735e+07 -443861 -61.5215 3886.74
74580 -2.63761e+07 -210642 -27.149 3887.17
74640 -2.63767e+07 22593.5 7.22647 3887.29
74700 -2.63752e+07 255827 41.6023 3887.11
74760 -2.63717e+07 489041 75.9758 3886.63
74820 -2.63661e+07 722216 110.344 3885.84
74880 -2.63585e+07 955335 144.705 3884.74
74940 -2.63488e+07 1.18838e+06 179.055 3883.35
75000 -2.6337e+07 1.42133e+06 213.393 3881.65
75060 -2.63232e+07 1.65417e+06 247.714 3879.64
75120 -2.63073e+07 1.88688e+06 282.017 3877.33
75180 -2.62893e+07 2.11944e+06 316.299 3874.72
75240 -2.62693e+07 2.35184e+06 350.557 3871.81
75300 -2.62473e+07 2.58406e+06 384.789 3868.59
75360 -2.62231e+07 2.81607e+06 418.991 3865.07
75420 -2.6197e+07 3.04786e+06 453.162 3861.25
75480 -2.61688e+07 3.27941e+06 487.298 3857.12
75540 -2.61385e+07 3.51071e+06 521.397 3852.7
75600 -2.61062e+07 3.74173e+06 555.456 3847.97
75660 -2.60718e+07 3.97246e+06 589.472 3842.94
75720 -2.60355e+07 4.20288e+06 623.443 3837.61
75780 -2.5997e+07 4.43297e+06 657.366 3831.98
75840 -2.59566e+07 4.66271e+06 691.239 3826.05
75900 -2.59141e+07 4.89209e+06 725.059 3819.82
75960 -2.58696e+07 5.12108e+06 758.822 3813.29
76020 -2.5823e+07 5.34967e+06 792.528 3806.47
76080 -2.57745e+07 5.57785e+06 826.172 3799.34
76140 -2.57239e+07 5.80559e+06 859.752 3791.92
76200 -2.56713e+07 6.03288e+06 893.266 3784.2
76260 -2.56167e+07 6.25969e+06 926.711 3776.19
76320 -2.55601e+07 6.48601e+06 960.085 3767.87
76380 -2.55015e+07 6.71183e+06 993.384 3759.27
76440 -2.54409e+07 6.93712e+06 1026.61 3750.37
76500 -2.53783e+07 7.16187e+06 1059.75 3741.17
76560 -2.53137e+07 7.38605e+06 1092.81 3731.68
76620 -2.52472e+07 7.60966e+06 1125.79 3721.9
76680 -2.51786e+07 7.83268e+06 1158.67 3711.83
76740 -2.51081e+07 8.05508e+06 1191.47 3701.47
76800 -2.50357e+07 8.27685e+06 1224.18 3690.82
76860 -2.49612e+07 8.49797e+06 1256.79 3679.88
76920 -2.48848e+07 8.71843e+06 1289.31 3668.65
76980 -2.48065e+07 8.9382e+06 1321.72 3657.13
77040 -2.47262e+07 9.15728e+06 1354.03 3645.33
77100 -2.4644e+07 9.37563e+06 1386.24 3633.24
77160 -2.45599e+07 9.59326e+06 1418.34 3620.87
77220 -2.44738e+07 9.81013e+06 1450.32 3608.21
77280 -2.43859e+07 1.00262e+07 1482.2 3595.27
77340 -2.4296e+07 1.02416e+07 1513.96 3582.05
77400 -2.42042e+07 1.04561e+07 1545.6 3568.54
77460 -2.41105e+07 1.06698e+07 1577.13 3554.76
77520 -2.40149e+07 1.08826e+07 1608.53 3540.7
77580 -2.39175e+07 1.10947e+07 1639.8 3526.36
77640 -2.38182e+07 1.13058e+07 1670.95 3511.74
77700 -2.3717e+07 1.15161e+07 1701.96 3496.85
77760 -2.36139e+07 1.17254e+07 1732.85 3481.69
77820 -2.3509e+07 1.19339e+07 1763.6 3466.25
77880 -2.34023e+07 1.21414e+07 1794.21 3450.54
77940 -2.32937e+07 1.23479e+07 1824.68 3434.56
78000 -2.31833e+07 1.25535e+07 1855.01 3418.31
78060 -2.30711e+07 1.27581e+07 1885.2 3401.79
78120 -2.29571e+07 1.29617e+07 1915.24 3385.01
78180 -2.28413e+07 1.31643e+07 1945.13 3367.96
78240 -2.27237e+07 1.33659e+07 1974.87 3350.65
78300 -2.26043e+07 1.35664e+07 2004.45 3333.07
78360 -2.24832e+07 1.37658e+07 2033.88 3315.23
78420 -2.23603e+07 1.39642e+07 2063.15 3297.13
78480 -2.22356e+07 1.41615e+07 2092.25 3278.78
78540 -2.21092e+07 1.43576e+07 2121.2 3260.16
78600 -2.19811e+07 1.45527e+07 2149.98 3241.29
78660 -2.18512e+07 1.47466e+07 2178.59 3222.17
78720 -2.17196e+07 1.49393e+07 2207.03 3202.79
78780 -2.15864e+07 1.51309e+07 2235.3 3183.16
78840 -2.14514e+07 1.53213e+07 2263.4 3163.28
78900 -2.13148e+07 1.55105e+07 2291.32 3143.16
78960 -2.11764e+07 1.56985e+07 2319.06 3122.78
79020 -2.10365e+07 1.58852e+07 2346.62 3102.17
79080 -2.08949e+07 1.60708e+07 2373.99 3081.3
79140 -2.07516e+07 1.6255e+07 2401.18 3060.2
79200 -2.06067e+07 1.6438e+07 2428.18 3038.86
79260 -2.04602e+07 1.66197e+07 2455 3017.27
79320 -2.03121e+07 1.68e+07 2481.62 2995.46
79380 -2.01624e+07 1.69791e+07 2508.05 2973.4
79440 -2.00112e+07 1.71568e+07 2534.28 2951.11
79500 -1.98583e+07 1.73332e+07 2560.31 2928.59
79560 -1.97039e+07 1.75083e+07 2586.14 2905.85
79620 -1.9548e+07 1.76819e+07 2611.77 2882.87
79680 -1.93905e+07 1.78542e+07 2637.2 2859.66
79740 -1.92315e+07 1.80251e+07 2662.42 2836.24
79800 -1.9071e+07 1.81946e+07 2687.44 2812.58
79860 -1.8909e+07 1.83626e+07 2712.24 2788.71
79920 -1.87456e+07 1.85292e+07 2736.83 2764.62
79980 -1.85806e+07 1.86943e+07 2761.21 2740.31
80040 -1.84142e+07 1.8858e+07 2785.37 2715.79
80100 -1.82464e+07 1.90202e+07 2809.31 2691.05
80160 -1.80771e+07 1.91809e+07 2833.03 2666.1
80220 -1.79064e+07 1.93402e+07 2856.54 2640.95
80280 -1.77343e+07 1.94979e+07 2879.81 2615.58
80340 -1.75608e+07 1.9654e+07 2902.87 2590.01
80400 -1.7386e+07 1.98087e+07 2925.69 2564.24
80460 -1.72098e+07 1.99617e+07 2948.29 2538.26
80520 -1.70322e+07 2.01132e+07 2970.66 2512.09
80580 -1.68533e+07 2.02632e+07 2992.79 2485.72
80640 -1.66731e+07 2.04115e+07 3014.69 2459.15
80700 -1.64915e+07 2.05583e+07 3036.36 2432.39
80760 -1.63087e+07 2.07034e+07 3057.78 2405.44
80820 -1.61246e+07 2.08469e+07 3078.97 2378.3
80880 -1.59392e+07 2.09888e+07 3099.92 2350.97
80940 -1.57526e+07 2.1129e+07 3120.62 2323.46
81000 -1.55648e+07 2.12676e+07 3141.08 2295.76
81060 -1.53757e+07 2.14045e+07 3161.29 2267.88
81120 -1.51854e+07 2.15398e+07 3181.26 2239.83
81180 -1.4994e+07 2.16733e+07 3200.98 2211.6
81240 -1.48013e+07 2.18051e+07 3220.44 2183.2
81300 -1.46075e+07 2.19353e+07 3239.66 2154.62
81360 -1.44126e+07 2.20637e+07 3258.62 2125.88
81420 -1.42165e+07 2.21904e+07 3277.32 2096.97
81480 -1.40193e+07 2.23153e+07 3295.77 2067.89
81540 -1.3821e+07 2.24385e+07 3313.96 2038.65
81600 -1.36216e+07 2.256e+07 3331.89 2009.25
81660 -1.34212e+07 2.26796e+07 3349.56 1979.69
81720 -1.32197e+07 2.27975e+07 3366.97 1949.98
81780 -1.30171e+07 2.29136e+07 3384.12 1920.12
81840 -1.28136e+07 2.30279e+07 3401 1890.1
81900 -1.2609e+07 2.31404e+07 3417.61 1859.93
81960 -1.24035e+07 2.32511e+07 3433.95 1829.62
82020 -1.21969e+07 2.336e+07 3450.03 1799.16
82080 -1.19895e+07 2.3467e+07 3465.83 1768.57
82140 -1.17811e+07 2.35722e+07 3481.37 1737.83
82200 -1.15717e+07 2.36756e+07 3496.63 1706.96
82260 -1.13615e+07 2.3777e+07 3511.62 1675.95
82320 -1.11503e+07 2.38767e+07 3526.33 1644.81
82380 -1.09383e+07 2.39744e+07 3540.76 1613.54
82440 -1.07254e+07 2.40703e+07 3554.92 1582.15
82500 -1.05117e+07 2.41643e+07 3568.8 1550.63
82560 -1.02972e+07 2.42564e+07 3582.4 1518.98
82620 -1.00818e+07 2.43465e+07 3595.72 1487.22
82680 -9.86571e+06 2.44348e+07 3608.76 1455.35
82740 -9.6488e+06 2.45212e+07 3621.51 1423.35
82800 -9.43113e+06 2.46056e+07 3633.98 1391.25
82860 -9.21273e+06 2.46881e+07 3646.17 1359.03
82920 -8.9936e+06 2.47687e+07 3658.07 1326.71
82980 -8.77376e+06 2.48473e+07 3669.68 1294.29
83040 -8.55324e+06 2.4924e+07 3681.01 1261.76
83100 -8.33205e+06 2.49987e+07 3692.05 1229.13
83160 -8.1102e+06 2.50715e+07 3702.79 1196.41
83220 -7.88772e+06 2.51423e+07 3713.25 1163.59
83280 -7.66462e+06 2.52111e+07 3723.42 1130.68
83340 -7.44091e+06 2.5278e+07 3733.29 1097.69
83400 -7.21663e+06 2.53429e+07 3742.87 1064.6
83460 -6.99177e+06 2.54057e+07 3752.16 1031.43
83520 -6.76637e+06 2.54666e+07 3761.16 998.185
83580 -6.54044e+06 2.55255e+07 3769.85 964.857
83640 -6.314e+06 2.55824e+07 3778.26 931.454
83700 -6.08706e+06 2.56373e+07 3786.36 897.977
83760 -5.85964e+06 2.56902e+07 3794.17 864.43
83820 -5.63176e+06 2.5741e+07 3801.69 830.814
83880 -5.40344e+06 2.57899e+07 3808.9 797.133
83940 -5.1747e+06 2.58367e+07 3815.82 763.39
84000 -4.94555e+06 2.58815e+07 3822.43 729.586
84060 -4.71601e+06 2.59242e+07 3828.75 695.725
84120 -4.48611e+06 2.5965e+07 3834.77 661.809
84180 -4.25585e+06 2.60036e+07 3840.48 627.841
84240 -4.02525e+06 2.60403e+07 3845.9 593.824
84300 -3.79435e+06 2.60749e+07 3851.01 559.76
84360 -3.56314e+06 2.61075e+07 3855.82 525.652
84420 -3.33165e+06 2.6138e+07 3860.33 491.502
84480 -3.09991e+06 2.61664e+07 3864.54 457.314
84540 -2.86791e+06 2.61929e+07 3868.44 423.09
84600 -2.6357e+06 2.62172e+07 3872.04 388.833
84660 -2.40328e+06 2.62395e+07 3875.33 354.545
84720 -2.17066e+06 2.62598e+07 3878.33 320.229
84780 -1.93788e+06 2.62779e+07 3881.01 285.888
84840 -1.70495e+06 2.62941e+07 3883.4 251.524
84900 -1.47188e+06 2.63081e+07 3885.48 217.141
84960 -1.2387e+06 2.63201e+07 3887.25 182.74
85020 -1.00542e+06 2.63301e+07 3888.72 148.325
85080 -772058 2.63379e+07 3889.88 113.899
85140 -538638 2.63437e+07 3890.74 79.4631
85200 -305175 2.63475e+07 3891.29 45.0213
85260 -71688.6 2.63491e+07 3891.54 10.576
85320 161804 2.63487e+07 3891.49 -23.8701
85380 395283 2.63463e+07 3891.12 -58.3144
85440 628732 2.63417e+07 3890.46 -92.7541
85500 862132 2.63351e+07 3889.48 -127.186
85560 1.09546e+06 2.63265e+07 3888.21 -161.609
85620 1.32871e+06 2.63157e+07 3886.62 -196.018
85680 1.56185e+06 2.63029e+07 3884.74 -230.413
85740 1.79487e+06 2.62881e+07 3882.54 -264.789
85800 2.02775e+06 2.62712e+07 3880.05 -299.144
85860 2.26047e+06 2.62522e+07 3877.25 -333.476
85920 2.49302e+06 2.62312e+07 3874.14 -367.781
85980 2.72536e+06 2.62081e+07 3870.73 -402.058
86040 2.9575e+06 2.61829e+07 3867.02 -436.303
86100 3.1894e+06 2.61557e+07 3863 -470.513
86160 3.42105e+06 2.61265e+07 3858.68 -504.687
86220 3.65244e+06 2.60951e+07 3854.06 -538.82
86280 3.88353e+06 2.60618e+07 3849.14 -572.912
86340 4.11433e+06 2.60264e+07 3843.91 -606.958
86400 4.3448e+06 2.5989e+07 3838.39 -640.957
