60 233235 2.63771e+07 3887.15 -34.3704
120 466452 2.6374e+07 3886.69 -68.738
180 699632 2.63688e+07 3885.93 -103.1
240 932758 2.63616e+07 3884.87 -137.455
300 1.16581e+06 2.63523e+07 3883.5 -171.798
360 1.39877e+06 2.6341e+07 3881.83 -206.128
420 1.63162e+06 2.63276e+07 3879.86 -240.442
480 1.86435e+06 2.63121e+07 3877.58 -274.737
540 2.09693e+06 2.62946e+07 3875 -309.011
600 2.32934e+06 2.62751e+07 3872.11 -343.26
660 2.56157e+06 2.62534e+07 3868.93 -377.483
720 2.79361e+06 2.62298e+07 3865.44 -411.676
780 3.02542e+06 2.6204e+07 3861.65 -445.837
840 3.257e+06 2.61763e+07 3857.55 -479.963
900 3.48832e+06 2.61464e+07 3853.16 -514.052
960 3.71937e+06 2.61146e+07 3848.46 -548.1
1020 3.95013e+06 2.60807e+07 3843.47 -582.106
1080 4.18058e+06 2.60447e+07 3838.17 -616.066
1140 4.41071e+06 2.60067e+07 3832.57 -649.978
1200 4.64049e+06 2.59667e+07 3826.68 -683.839
1260 4.8699e+06 2.59247e+07 3820.48 -717.646
1320 5.09894e+06 2.58806e+07 3813.99 -751.398
1380 5.32757e+06 2.58345e+07 3807.19 -785.09
1440 5.55579e+06 2.57864e+07 3800.1 -818.722
1500 5.78358e+06 2.57363e+07 3792.71 -852.289
1560 6.01091e+06 2.56841e+07 3785.03 -885.79
1620 6.23778e+06 2.563e+07 3777.05 -919.221
1680 6.46415e+06 2.55738e+07 3768.77 -952.581
1740 6.69002e+06 2.55157e+07 3760.2 -985.866
1800 6.91537e+06 2.54555e+07 3751.34 -1019.07
1860 7.14018e+06 2.53934e+07 3742.18 -1052.2
1920 7.36443e+06 2.53293e+07 3732.73 -1085.25
1980 7.5881e+06 2.52632e+07 3722.99 -1118.21
2040 7.81118e+06 2.51951e+07 3712.96 -1151.08
2100 8.03365e+06 2.5125e+07 3702.64 -1183.87
2160 8.25549e+06 2.5053e+07 3692.02 -1216.56
2220 8.47669e+06 2.4979e+07 3681.12 -1249.15
2280 8.69722e+06 2.49031e+07 3669.93 -1281.65
2340 8.91707e+06 2.48252e+07 3658.46 -1314.05
2400 9.13623e+06 2.47454e+07 3646.7 -1346.35
2460 9.35467e+06 2.46637e+07 3634.65 -1378.54
2520 9.57238e+06 2.458e+07 3622.32 -1410.62
2580 9.78934e+06 2.44944e+07 3609.7 -1442.59
2640 1.00055e+07 2.44069e+07 3596.81 -1474.45
2700 1.0221e+07 2.43175e+07 3583.63 -1506.19
2760 1.04356e+07 2.42262e+07 3570.17 -1537.82
2820 1.06494e+07 2.41329e+07 3556.44 -1569.33
2880 1.08623e+07 2.40378e+07 3542.42 -1600.71
2940 1.10745e+07 2.39409e+07 3528.13 -1631.97
3000 1.12857e+07 2.3842e+07 3513.56 -1663.1
3060 1.14961e+07 2.37413e+07 3498.72 -1694.1
3120 1.17055e+07 2.36387e+07 3483.6 -1724.97
3180 1.19141e+07 2.35343e+07 3468.21 -1755.7
3240 1.21217e+07 2.3428e+07 3452.56 -1786.3
3300 1.23284e+07 2.33199e+07 3436.63 -1816.75
3360 1.25341e+07 2.321e+07 3420.43 -1847.07
3420 1.27389e+07 2.30983e+07 3403.96 -1877.24
3480 1.29426e+07 2.29848e+07 3387.23 -1907.26
3540 1.31453e+07 2.28694e+07 3370.24 -1937.13
3600 1.3347e+07 2.27523e+07 3352.98 -1966.86
3660 1.35477e+07 2.26334e+07 3335.45 -1996.42
3720 1.37473e+07 2.25127e+07 3317.67 -2025.84
3780 1.39458e+07 2.23903e+07 3299.63 -2055.09
3840 1.41432e+07 2.22661e+07 3281.33 -2084.19
3900 1.43395e+07 2.21402e+07 3262.77 -2113.12
3960 1.45347e+07 2.20126e+07 3243.96 -2141.88
4020 1.47288e+07 2.18832e+07 3224.9 -2170.48
4080 1.49217e+07 2.17521e+07 3205.58 -2198.91
4140 1.51135e+07 2.16193e+07 3186.01 -2227.16
4200 1.5304e+07 2.14849e+07 3166.19 -2255.25
4260 1.54934e+07 2.13487e+07 3146.13 -2283.15
4320 1.56816e+07 2.12109e+07 3125.82 -2310.88
4380 1.58685e+07 2.10714e+07 3105.26 -2338.43
4440 1.60542e+07 2.09303e+07 3084.47 -2365.79
4500 1.62386e+07 2.07875e+07 3063.43 -2392.97
4560 1.64218e+07 2.06431e+07 3042.15 -2419.96
4620 1.66037e+07 2.04971e+07 3020.63 -2446.76
4680 1.67843e+07 2.03495e+07 2998.88 -2473.37
4740 1.69635e+07 2.02003e+07 2976.9 -2499.79
4800 1.71415e+07 2.00495e+07 2954.68 -2526.01
4860 1.73181e+07 1.98972e+07 2932.23 -2552.04
4920 1.74934e+07 1.97433e+07 2909.55 -2577.86
4980 1.76672e+07 1.95879e+07 2886.64 -2603.49
5040 1.78398e+07 1.94309e+07 2863.51 -2628.91
5100 1.80109e+07 1.92724e+07 2840.15 -2654.12
5160 1.81806e+07 1.91124e+07 2816.57 -2679.13
5220 1.83488e+07 1.89509e+07 2792.78 -2703.93
5280 1.85157e+07 1.87879e+07 2768.76 -2728.52
5340 1.86811e+07 1.86235e+07 2744.53 -2752.89
5400 1.8845e+07 1.84576e+07 2720.08 -2777.05
5460 1.90075e+07 1.82902e+07 2695.42 -2800.99
5520 1.91685e+07 1.81215e+07 2670.55 -2824.71
5580 1.9328e+07 1.79513e+07 2645.47 -2848.21
5640 1.94859e+07 1.77797e+07 2620.18 -2871.49
5700 1.96424e+07 1.76067e+07 2594.69 -2894.54
5760 1.97973e+07 1.74324e+07 2568.99 -2917.37
5820 1.99507e+07 1.72566e+07 2543.1 -2939.97
5880 2.01025e+07 1.70796e+07 2517 -2962.34
5940 2.02527e+07 1.69012e+07 2490.71 -2984.48
6000 2.04013e+07 1.67214e+07 2464.23 -3006.38
6060 2.05484e+07 1.65404e+07 2437.55 -3028.05
6120 2.06938e+07 1.63581e+07 2410.68 -3049.48
6180 2.08377e+07 1.61745e+07 2383.62 -3070.68
6240 2.09799e+07 1.59896e+07 2356.38 -3091.63
6300 2.11204e+07 1.58035e+07 2328.95 -3112.34
6360 2.12593e+07 1.56161e+07 2301.34 -3132.81
6420 2.13966e+07 1.54275e+07 2273.55 -3153.04
6480 2.15322e+07 1.52378e+07 2245.59 -3173.02
6540 2.16661e+07 1.50468e+07 2217.44 -3192.75
6600 2.17983e+07 1.48546e+07 2189.13 -3212.23
6660 2.19287e+07 1.46613e+07 2160.64 -3231.45
6720 2.20575e+07 1.44669e+07 2131.98 -3250.43
6780 2.21846e+07 1.42713e+07 2103.16 -3269.15
6840 2.23099e+07 1.40746e+07 2074.17 -3287.62
6900 2.24335e+07 1.38768e+07 2045.03 -3305.83
6960 2.25553e+07 1.36779e+07 2015.72 -3323.78
7020 2.26754e+07 1.34779e+07 1986.25 -3341.47
7080 2.27937e+07 1.32769e+07 1956.63 -3358.9
7140 2.29102e+07 1.30748e+07 1926.85 -3376.07
7200 2.30249e+07 1.28718e+07 1896.93 -3392.97
7260 2.31378e+07 1.26677e+07 1866.85 -3409.61
7320 2.32489e+07 1.24626e+07 1836.63 -3425.98
7380 2.33582e+07 1.22566e+07 1806.27 -3442.09
7440 2.34656e+07 1.20496e+07 1775.77 -3457.92
7500 2.35713e+07 1.18416e+07 1745.12 -3473.49
7560 2.36751e+07 1.16328e+07 1714.34 -3488.78
7620 2.3777e+07 1.1423e+07 1683.43 -3503.8
7680 2.38771e+07 1.12123e+07 1652.38 -3518.55
7740 2.39753e+07 1.10008e+07 1621.21 -3533.02
7800 2.40716e+07 1.07884e+07 1589.91 -3547.21
7860 2.41661e+07 1.05751e+07 1558.48 -3561.13
7920 2.42586e+07 1.0361e+07 1526.94 -3574.77
7980 2.43493e+07 1.01461e+07 1495.27 -3588.13
8040 2.4438e+07 9.93046e+06 1463.49 -3601.21
8100 2.45249e+07 9.71401e+06 1431.59 -3614.01
8160 2.46098e+07 9.49679e+06 1399.58 -3626.52
8220 2.46928e+07 9.27883e+06 1367.46 -3638.75
8280 2.47739e+07 9.06014e+06 1335.23 -3650.7
8340 2.48531e+07 8.84075e+06 1302.9 -3662.36
8400 2.49303e+07 8.62067e+06 1270.47 -3673.74
8460 2.50055e+07 8.39991e+06 1237.94 -3684.83
8520 2.50788e+07 8.17849e+06 1205.31 -3695.63
8580 2.51502e+07 7.95644e+06 1172.59 -3706.14
8640 2.52195e+07 7.73376e+06 1139.78 -3716.36
8700 2.52869e+07 7.51048e+06 1106.87 -3726.29
8760 2.53524e+07 7.28661e+06 1073.88 -3735.93
8820 2.54158e+07 7.06218e+06 1040.81 -3745.28
8880 2.54773e+07 6.83719e+06 1007.65 -3754.33
8940 2.55367e+07 6.61166e+06 974.421 -3763.09
9000 2.55942e+07 6.38562e+06 941.112 -3771.56
9060 2.56496e+07 6.15908e+06 907.728 -3779.73
9120 2.57031e+07 5.93206e+06 874.274 -3787.61
9180 2.57546e+07 5.70457e+06 840.752 -3795.19
9240 2.5804e+07 5.47664e+06 807.164 -3802.47
9300 2.58514e+07 5.24828e+06 773.512 -3809.46
9360 2.58968e+07 5.01951e+06 739.801 -3816.15
9420 2.59402e+07 4.79035e+06 706.031 -3822.54
9480 2.59815e+07 4.56081e+06 672.206 -3828.63
9540 2.60209e+07 4.33092e+06 638.329 -3834.43
9600 2.60581e+07 4.10069e+06 604.402 -3839.92
9660 2.60934e+07 3.87014e+06 570.428 -3845.11
9720 2.61266e+07 3.63928e+06 536.409 -3850
9780 2.61578e+07 3.40814e+06 502.348 -3854.59
9840 2.61869e+07 3.17674e+06 468.248 -3858.88
9900 2.62139e+07 2.94508e+06 434.112 -3862.87
9960 2.6239e+07 2.7132e+06 399.941 -3866.56
10020 2.62619e+07 2.4811e+06 365.74 -3869.94
10080 2.62829e+07 2.24881e+06 331.509 -3873.02
10140 2.63017e+07 2.01634e+06 297.253 -3875.8
10200 2.63185e+07 1.78372e+06 262.974 -3878.28
10260 2.63333e+07 1.55096e+06 228.674 -3880.45
10320 2.6346e+07 1.31807e+06 194.356 -3882.32
10380 2.63566e+07 1.08509e+06 160.023 -3883.88
10440 2.63652e+07 852013 125.678 -3885.15
10500 2.63717e+07 618874 91.3228 -3886.1
10560 2.63761e+07 385686 56.9606 -3886.76
10620 2.63785e+07 152469 22.5939 -3887.11
10680 2.63788e+07 -80760.7 -11.7746 -3887.16
10740 2.63771e+07 -313984 -46.142 -3886.9
10800 2.63733e+07 -547182 -80.5059 -3886.34
10860 2.63674e+07 -780338 -114.863 -3885.47
10920 2.63595e+07 -1.01343e+06 -149.212 -3884.3
10980 2.63495e+07 -1.24645e+06 -183.549 -3882.83
11040 2.63375e+07 -1.47937e+06 -217.871 -3881.06
11100 2.63234e+07 -1.71217e+06 -252.177 -3878.98
11160 2.63072e+07 -1.94484e+06 -286.462 -3876.59
11220 2.6289e+07 -2.17735e+06 -320.725 -3873.91
11280 2.62687e+07 -2.4097e+06 -354.964 -3870.92
11340 2.62464e+07 -2.64186e+06 -389.174 -3867.63
11400 2.6222e+07 -2.87381e+06 -423.354 -3864.04
11460 2.61956e+07 -3.10554e+06 -457.501 -3860.14
11520 2.61671e+07 -3.33702e+06 -491.612 -3855.95
11580 2.61366e+07 -3.56824e+06 -525.684 -3851.45
11640 2.61041e+07 -3.79919e+06 -559.715 -3846.65
11700 2.60695e+07 -4.02984e+06 -593.703 -3841.55
11760 2.60328e+07 -4.26017e+06 -627.644 -3836.15
11820 2.59941e+07 -4.49017e+06 -661.536 -3830.45
11880 2.59534e+07 -4.71982e+06 -695.377 -3824.45
11940 2.59107e+07 -4.9491e+06 -729.163 -3818.15
12000 2.58659e+07 -5.17799e+06 -762.892 -3811.55
12060 2.58192e+07 -5.40648e+06 -796.561 -3804.66
12120 2.57704e+07 -5.63454e+06 -830.168 -3797.46
12180 2.57195e+07 -5.86217e+06 -863.71 -3789.97
12240 2.56667e+07 -6.08933e+06 -897.184 -3782.19
12300 2.56119e+07 -6.31602e+06 -930.589 -3774.11
12360 2.5555e+07 -6.54222e+06 -963.92 -3765.73
12420 2.54962e+07 -6.7679e+06 -997.176 -3757.06
12480 2.54354e+07 -6.99306e+06 -1030.35 -3748.1
12540 2.53726e+07 -7.21767e+06 -1063.45 -3738.84
12600 2.53078e+07 -7.44172e+06 -1096.47 -3729.29
12660 2.5241e+07 -7.66518e+06 -1129.4 -3719.45
12720 2.51722e+07 -7.88804e+06 -1162.24 -3709.32
12780 2.51015e+07 -8.11029e+06 -1194.99 -3698.9
12840 2.50288e+07 -8.33191e+06 -1227.64 -3688.18
12900 2.49542e+07 -8.55287e+06 -1260.2 -3677.19
12960 2.48776e+07 -8.77316e+06 -1292.66 -3665.9
13020 2.47991e+07 -8.99277e+06 -1325.02 -3654.33
13080 2.47186e+07 -9.21168e+06 -1357.28 -3642.47
13140 2.46362e+07 -9.42986e+06 -1389.43 -3630.32
13200 2.45519e+07 -9.64731e+06 -1421.47 -3617.9
13260 2.44656e+07 -9.864e+06 -1453.4 -3605.19
13320 2.43775e+07 -1.00799e+07 -1485.22 -3592.19
13380 2.42874e+07 -1.02951e+07 -1516.92 -3578.92
13440 2.41955e+07 -1.05094e+07 -1548.51 -3565.37
13500 2.41016e+07 -1.07229e+07 -1579.97 -3551.54
13560 2.40059e+07 -1.09356e+07 -1611.31 -3537.43
13620 2.39082e+07 -1.11474e+07 -1642.52 -3523.04
13680 2.38088e+07 -1.13583e+07 -1673.6 -3508.38
13740 2.37074e+07 -1.15684e+07 -1704.55 -3493.45
13800 2.36042e+07 -1.17775e+07 -1735.37 -3478.24
13860 2.34992e+07 -1.19858e+07 -1766.06 -3462.76
13920 2.33923e+07 -1.21931e+07 -1796.6 -3447.01
13980 2.32836e+07 -1.23994e+07 -1827.01 -3430.99
14040 2.31731e+07 -1.26048e+07 -1857.27 -3414.7
14100 2.30607e+07 -1.28092e+07 -1887.39 -3398.15
14160 2.29466e+07 -1.30125e+07 -1917.36 -3381.33
14220 2.28306e+07 -1.32149e+07 -1947.18 -3364.24
14280 2.27129e+07 -1.34163e+07 -1976.85 -3346.89
14340 2.25934e+07 -1.36165e+07 -2006.36 -3329.29
14400 2.24722e+07 -1.38158e+07 -2035.71 -3311.42
14460 2.23491e+07 -1.40139e+07 -2064.91 -3293.29
14520 2.22244e+07 -1.4211e+07 -2093.95 -3274.9
14580 2.20979e+07 -1.44069e+07 -2122.82 -3256.26
14640 2.19696e+07 -1.46017e+07 -2151.53 -3237.36
14700 2.18397e+07 -1.47954e+07 -2180.06 -3218.21
14760 2.1708e+07 -1.49879e+07 -2208.43 -3198.81
14820 2.15747e+07 -1.51792e+07 -2236.62 -3179.16
14880 2.14396e+07 -1.53694e+07 -2264.64 -3159.26
14940 2.13029e+07 -1.55583e+07 -2292.49 -3139.11
15000 2.11645e+07 -1.57461e+07 -2320.15 -3118.72
15060 2.10245e+07 -1.59326e+07 -2347.63 -3098.09
15120 2.08828e+07 -1.61178e+07 -2374.93 -3077.21
15180 2.07395e+07 -1.63018e+07 -2402.04 -3056.09
15240 2.05946e+07 -1.64846e+07 -2428.97 -3034.73
15300 2.0448e+07 -1.6666e+07 -2455.71 -3013.14
15360 2.02999e+07 -1.68461e+07 -2482.25 -2991.31
15420 2.01502e+07 -1.70249e+07 -2508.6 -2969.25
15480 1.99989e+07 -1.72024e+07 -2534.75 -2946.95
15540 1.9846e+07 -1.73786e+07 -2560.71 -2924.42
15600 1.96916e+07 -1.75534e+07 -2586.46 -2901.67
15660 1.95356e+07 -1.77268e+07 -2612.01 -2878.69
15720 1.93782e+07 -1.78988e+07 -2637.36 -2855.48
15780 1.92192e+07 -1.80694e+07 -2662.5 -2832.05
15840 1.90587e+07 -1.82386e+07 -2687.44 -2808.4
15900 1.88967e+07 -1.84064e+07 -2712.16 -2784.53
15960 1.87332e+07 -1.85728e+07 -2736.67 -2760.44
16020 1.85683e+07 -1.87377e+07 -2760.97 -2736.14
16080 1.84019e+07 -1.89011e+07 -2785.06 -2711.62
16140 1.82341e+07 -1.90631e+07 -2808.92 -2686.89
16200 1.80648e+07 -1.92235e+07 -2832.56 -2661.95
16260 1.78942e+07 -1.93825e+07 -2855.99 -2636.8
16320 1.77221e+07 -1.95399e+07 -2879.19 -2611.45
16380 1.75487e+07 -1.96959e+07 -2902.16 -2585.89
16440 1.73739e+07 -1.98502e+07 -2924.91 -2560.13
16500 1.71977e+07 -2.00031e+07 -2947.43 -2534.17
16560 1.70202e+07 -2.01543e+07 -2969.72 -2508.01
16620 1.68413e+07 -2.0304e+07 -2991.78 -2481.66
16680 1.66612e+07 -2.04521e+07 -3013.6 -2455.11
16740 1.64797e+07 -2.05986e+07 -3035.19 -2428.37
16800 1.62969e+07 -2.07435e+07 -3056.54 -2401.44
16860 1.61129e+07 -2.08868e+07 -3077.65 -2374.32
16920 1.59276e+07 -2.10285e+07 -3098.52 -2347.02
16980 1.57411e+07 -2.11684e+07 -3119.15 -2319.53
17040 1.55533e+07 -2.13068e+07 -3139.54 -2291.86
17100 1.53644e+07 -2.14435e+07 -3159.68 -2264.02
17160 1.51742e+07 -2.15785e+07 -3179.57 -2235.99
17220 1.49828e+07 -2.17118e+07 -3199.21 -2207.79
17280 1.47903e+07 -2.18434e+07 -3218.61 -2179.42
17340 1.45966e+07 -2.19733e+07 -3237.75 -2150.88
17400 1.44018e+07 -2.21015e+07 -3256.64 -2122.17
17460 1.42058e+07 -2.2228e+07 -3275.27 -2093.29
17520 1.40087e+07 -2.23527e+07 -3293.65 -2064.25
17580 1.38106e+07 -2.24757e+07 -3311.77 -2035.05
17640 1.36113e+07 -2.25969e+07 -3329.64 -2005.69
17700 1.3411e+07 -2.27164e+07 -3347.24 -1976.18
17760 1.32097e+07 -2.2834e+07 -3364.58 -1946.51
17820 1.30073e+07 -2.29499e+07 -3381.66 -1916.68
17880 1.28039e+07 -2.3064e+07 -3398.47 -1886.71
17940 1.25995e+07 -2.31763e+07 -3415.02 -1856.59
18000 1.23941e+07 -2.32868e+07 -3431.3 -1826.32
18060 1.21877e+07 -2.33955e+07 -3447.31 -1795.92
18120 1.19804e+07 -2.35023e+07 -3463.05 -1765.37
18180 1.17722e+07 -2.36073e+07 -3478.52 -1734.68
18240 1.1563e+07 -2.37105e+07 -3493.72 -1703.86
18300 1.13529e+07 -2.38118e+07 -3508.65 -1672.9
18360 1.1142e+07 -2.39112e+07 -3523.3 -1641.82
18420 1.09301e+07 -2.40088e+07 -3537.68 -1610.6
18480 1.07174e+07 -2.41045e+07 -3551.78 -1579.26
18540 1.05039e+07 -2.41983e+07 -3565.6 -1547.8
18600 1.02896e+07 -2.42902e+07 -3579.15 -1516.21
18660 1.00744e+07 -2.43803e+07 -3592.41 -1484.51
18720 9.85848e+06 -2.44684e+07 -3605.4 -1452.69
18780 9.64178e+06 -2.45546e+07 -3618.1 -1420.76
18840 9.42432e+06 -2.46389e+07 -3630.52 -1388.71
18900 9.20612e+06 -2.47212e+07 -3642.66 -1356.56
18960 8.9872e+06 -2.48017e+07 -3654.51 -1324.3
19020 8.76759e+06 -2.48801e+07 -3666.07 -1291.94
19080 8.54728e+06 -2.49567e+07 -3677.35 -1259.48
19140 8.32631e+06 -2.50313e+07 -3688.34 -1226.92
19200 8.10469e+06 -2.51039e+07 -3699.04 -1194.26
19260 7.88243e+06 -2.51746e+07 -3709.46 -1161.51
19320 7.65956e+06 -2.52433e+07 -3719.58 -1128.67
19380 7.43609e+06 -2.531e+07 -3729.41 -1095.74
19440 7.21203e+06 -2.53748e+07 -3738.96 -1062.72
19500 6.98742e+06 -2.54375e+07 -3748.21 -1029.63
19560 6.76225e+06 -2.54983e+07 -3757.16 -996.447
19620 6.53656e+06 -2.55571e+07 -3765.82 -963.19
19680 6.31036e+06 -2.56139e+07 -3774.19 -929.858
19740 6.08367e+06 -2.56687e+07 -3782.27 -896.454
19800 5.8565e+06 -2.57215e+07 -3790.04 -862.979
19860 5.62887e+06 -2.57723e+07 -3797.52 -829.437
19920 5.4008e+06 -2.5821e+07 -3804.71 -795.83
19980 5.17231e+06 -2.58678e+07 -3811.6 -762.161
20040 4.94341e+06 -2.59125e+07 -3818.19 -728.433
20100 4.71413e+06 -2.59552e+07 -3824.48 -694.647
20160 4.48448e+06 -2.59958e+07 -3830.47 -660.807
20220 4.25448e+06 -2.60345e+07 -3836.16 -626.916
20280 4.02415e+06 -2.60711e+07 -3841.55 -592.975
20340 3.7935e+06 -2.61056e+07 -3846.65 -558.988
20400 3.56256e+06 -2.61381e+07 -3851.44 -524.957
20460 3.33133e+06 -2.61686e+07 -3855.93 -490.886
20520 3.09985e+06 -2.6197e+07 -3860.12 -456.776
20580 2.86813e+06 -2.62234e+07 -3864 -422.63
20640 2.63618e+06 -2.62478e+07 -3867.59 -388.452
20700 2.40402e+06 -2.627e+07 -3870.87 -354.242
20760 2.17168e+06 -2.62903e+07 -3873.85 -320.006
20820 1.93917e+06 -2.63084e+07 -3876.53 -285.744
20880 1.7065e+06 -2.63246e+07 -3878.91 -251.46
20940 1.4737e+06 -2.63386e+07 -3880.98 -217.156
21000 1.24079e+06 -2.63506e+07 -3882.75 -182.835
21060 1.00778e+06 -2.63606e+07 -3884.21 -148.5
21120 774690 -2.63684e+07 -3885.37 -114.154
21180 541541 -2.63743e+07 -3886.23 -79.7983
21240 308349 -2.6378e+07 -3886.78 -45.4365
21300 75133.1 -2.63797e+07 -3887.03 -11.0712
21360 -158089 -2.63793e+07 -3886.98 23.295
21420 -391298 -2.63769e+07 -3886.62 57.6594
21480 -624477 -2.63724e+07 -3885.96 92.0193
21540 -857607 -2.63659e+07 -3884.99 126.372
21600 -1.09067e+06 -2.63573e+07 -3883.72 160.715
21660 -1.32365e+06 -2.63466e+07 -3882.15 195.045
21720 -1.55652e+06 -2.63339e+07 -3880.28 229.36
21780 -1.78927e+06 -2.63191e+07 -3878.1 263.657
21840 -2.02189e+06 -2.63022e+07 -3875.61 297.933
21900 -2.25434e+06 -2.62833e+07 -3872.83 332.187
21960 -2.48662e+06 -2.62624e+07 -3869.74 366.414
22020 -2.7187e+06 -2.62393e+07 -3866.35 400.612
22080 -2.95058e+06 -2.62143e+07 -3862.66 434.78
22140 -3.18222e+06 -2.61872e+07 -3858.66 468.913
22200 -3.41361e+06 -2.6158e+07 -3854.36 503.01
22260 -3.64474e+06 -2.61268e+07 -3849.77 537.067
22320 -3.87558e+06 -2.60936e+07 -3844.87 571.082
22380 -4.10611e+06 -2.60583e+07 -3839.67 605.053
22440 -4.33633e+06 -2.6021e+07 -3834.17 638.976
22500 -4.56621e+06 -2.59816e+07 -3828.37 672.85
22560 -4.79573e+06 -2.59402e+07 -3822.27 706.671
22620 -5.02487e+06 -2.58968e+07 -3815.88 740.436
22680 -5.25363e+06 -2.58514e+07 -3809.18 774.144
22740 -5.48197e+06 -2.58039e+07 -3802.19 807.791
22800 -5.70988e+06 -2.57544e+07 -3794.9 841.376
22860 -5.93735e+06 -2.57029e+07 -3787.31 874.894
22920 -6.16436e+06 -2.56494e+07 -3779.43 908.344
22980 -6.39088e+06 -2.55939e+07 -3771.25 941.723
23040 -6.6169e+06 -2.55364e+07 -3762.78 975.028
23100 -6.84241e+06 -2.54769e+07 -3754.01 1008.26
23160 -7.06738e+06 -2.54155e+07 -3744.95 1041.41
23220 -7.29179e+06 -2.5352e+07 -3735.6 1074.48
23280 -7.51564e+06 -2.52865e+07 -3725.95 1107.46
23340 -7.7389e+06 -2.52191e+07 -3716.01 1140.36
23400 -7.96156e+06 -2.51497e+07 -3705.79 1173.17
23460 -8.18359e+06 -2.50783e+07 -3695.27 1205.89
23520 -8.40498e+06 -2.5005e+07 -3684.46 1238.51
23580 -8.62572e+06 -2.49297e+07 -3673.37 1271.04
23640 -8.84578e+06 -2.48524e+07 -3661.99 1303.46
23700 -9.06515e+06 -2.47733e+07 -3650.32 1335.79
23760 -9.28382e+06 -2.46922e+07 -3638.37 1368.01
23820 -9.50175e+06 -2.46091e+07 -3626.13 1400.13
23880 -9.71895e+06 -2.45241e+07 -3613.61 1432.13
23940 -9.93538e+06 -2.44373e+07 -3600.81 1464.02
24000 -1.0151e+07 -2.43485e+07 -3587.73 1495.8
24060 -1.03659e+07 -2.42578e+07 -3574.36 1527.46
24120 -1.058e+07 -2.41652e+07 -3560.72 1559
24180 -1.07932e+07 -2.40707e+07 -3546.8 1590.42
24240 -1.10056e+07 -2.39743e+07 -3532.6 1621.72
24300 -1.12171e+07 -2.38761e+07 -3518.12 1652.89
24360 -1.14277e+07 -2.3776e+07 -3503.37 1683.93
24420 -1.16375e+07 -2.3674e+07 -3488.35 1714.84
24480 -1.18463e+07 -2.35702e+07 -3473.05 1745.61
24540 -1.20542e+07 -2.34645e+07 -3457.48 1776.25
24600 -1.22612e+07 -2.3357e+07 -3441.64 1806.75
24660 -1.24672e+07 -2.32477e+07 -3425.54 1837.11
24720 -1.26723e+07 -2.31366e+07 -3409.16 1867.32
24780 -1.28763e+07 -2.30237e+07 -3392.52 1897.39
24840 -1.30794e+07 -2.29089e+07 -3375.61 1927.31
24900 -1.32814e+07 -2.27924e+07 -3358.44 1957.08
24960 -1.34824e+07 -2.26741e+07 -3341.01 1986.69
25020 -1.36823e+07 -2.2554e+07 -3323.31 2016.16
25080 -1.38812e+07 -2.24321e+07 -3305.36 2045.46
25140 -1.4079e+07 -2.23085e+07 -3287.14 2074.6
25200 -1.42756e+07 -2.21832e+07 -3268.67 2103.58
25260 -1.44712e+07 -2.20561e+07 -3249.95 2132.4
25320 -1.46656e+07 -2.19273e+07 -3230.97 2161.05
25380 -1.48589e+07 -2.17968e+07 -3211.74 2189.53
25440 -1.5051e+07 -2.16646e+07 -3192.25 2217.84
25500 -1.5242e+07 -2.15306e+07 -3172.52 2245.98
25560 -1.54317e+07 -2.1395e+07 -3152.54 2273.94
25620 -1.56203e+07 -2.12578e+07 -3132.31 2301.73
25680 -1.58076e+07 -2.11188e+07 -3111.84 2329.33
25740 -1.59937e+07 -2.09783e+07 -3091.13 2356.75
25800 -1.61785e+07 -2.0836e+07 -3070.17 2383.99
25860 -1.63621e+07 -2.06922e+07 -3048.97 2411.04
25920 -1.65444e+07 -2.05467e+07 -3027.54 2437.9
25980 -1.67254e+07 -2.03996e+07 -3005.87 2464.57
26040 -1.69051e+07 -2.0251e+07 -2983.96 2491.05
26100 -1.70835e+07 -2.01007e+07 -2961.82 2517.34
26160 -1.72605e+07 -1.99489e+07 -2939.45 2543.43
26220 -1.74362e+07 -1.97955e+07 -2916.85 2569.32
26280 -1.76105e+07 -1.96406e+07 -2894.02 2595
26340 -1.77835e+07 -1.94841e+07 -2870.96 2620.49
26400 -1.7955e+07 -1.93261e+07 -2847.68 2645.77
26460 -1.81252e+07 -1.91666e+07 -2824.18 2670.85
26520 -1.82939e+07 -1.90056e+07 -2800.46 2695.71
26580 -1.84612e+07 -1.88431e+07 -2776.51 2720.37
26640 -1.86271e+07 -1.86792e+07 -2752.35 2744.81
26700 -1.87915e+07 -1.85138e+07 -2727.98 2769.03
26760 -1.89545e+07 -1.83469e+07 -2703.39 2793.05
26820 -1.91159e+07 -1.81786e+07 -2678.59 2816.84
26880 -1.92759e+07 -1.80089e+07 -2653.59 2840.41
26940 -1.94344e+07 -1.78378e+07 -2628.37 2863.76
27000 -1.95913e+07 -1.76652e+07 -2602.95 2886.89
27060 -1.97467e+07 -1.74913e+07 -2577.32 2909.79
27120 -1.99006e+07 -1.73161e+07 -2551.5 2932.46
27180 -2.00529e+07 -1.71395e+07 -2525.47 2954.91
27240 -2.02036e+07 -1.69615e+07 -2499.25 2977.12
27300 -2.03528e+07 -1.67822e+07 -2472.83 2999.1
27360 -2.05004e+07 -1.66016e+07 -2446.22 3020.85
27420 -2.06463e+07 -1.64197e+07 -2419.41 3042.36
27480 -2.07907e+07 -1.62365e+07 -2392.42 3063.63
27540 -2.09334e+07 -1.60521e+07 -2365.24 3084.66
27600 -2.10745e+07 -1.58664e+07 -2337.88 3105.46
27660 -2.1214e+07 -1.56794e+07 -2310.33 3126
27720 -2.13517e+07 -1.54913e+07 -2282.6 3146.31
27780 -2.14879e+07 -1.53019e+07 -2254.7 3166.37
27840 -2.16223e+07 -1.51113e+07 -2226.62 3186.18
27900 -2.17551e+07 -1.49195e+07 -2198.36 3205.74
27960 -2.18861e+07 -1.47266e+07 -2169.93 3225.05
28020 -2.20154e+07 -1.45325e+07 -2141.33 3244.11
28080 -2.21431e+07 -1.43373e+07 -2112.57 3262.92
28140 -2.22689e+07 -1.4141e+07 -2083.64 3281.47
28200 -2.23931e+07 -1.39436e+07 -2054.54 3299.76
28260 -2.25155e+07 -1.3745e+07 -2025.29 3317.8
28320 -2.26361e+07 -1.35454e+07 -1995.88 3335.58
28380 -2.2755e+07 -1.33448e+07 -1966.31 3353.1
28440 -2.28721e+07 -1.31431e+07 -1936.59 3370.35
28500 -2.29874e+07 -1.29403e+07 -1906.71 3387.34
28560 -2.31009e+07 -1.27366e+07 -1876.69 3404.07
28620 -2.32126e+07 -1.25318e+07 -1846.52 3420.53
28680 -2.33225e+07 -1.23261e+07 -1816.21 3436.72
28740 -2.34305e+07 -1.21194e+07 -1785.75 3452.64
28800 -2.35367e+07 -1.19118e+07 -1755.16 3468.3
28860 -2.36411e+07 -1.17032e+07 -1724.43 3483.68
28920 -2.37437e+07 -1.14938e+07 -1693.56 3498.79
28980 -2.38444e+07 -1.12834e+07 -1662.56 3513.63
29040 -2.39432e+07 -1.10721e+07 -1631.43 3528.19
29100 -2.40401e+07 -1.086e+07 -1600.17 3542.48
29160 -2.41352e+07 -1.0647e+07 -1568.79 3556.49
29220 -2.42284e+07 -1.04332e+07 -1537.29 3570.22
29280 -2.43197e+07 -1.02186e+07 -1505.66 3583.67
29340 -2.44091e+07 -1.00032e+07 -1473.92 3596.85
29400 -2.44965e+07 -9.78701e+06 -1442.06 3609.74
29460 -2.45821e+07 -9.57005e+06 -1410.09 3622.35
29520 -2.46657e+07 -9.35234e+06 -1378.01 3634.68
29580 -2.47475e+07 -9.13389e+06 -1345.82 3646.72
29640 -2.48272e+07 -8.91474e+06 -1313.52 3658.48
29700 -2.49051e+07 -8.69488e+06 -1281.13 3669.95
29760 -2.4981e+07 -8.47435e+06 -1248.63 3681.13
29820 -2.50549e+07 -8.25315e+06 -1216.04 3692.03
29880 -2.51269e+07 -8.03131e+06 -1183.35 3702.64
29940 -2.51969e+07 -7.80884e+06 -1150.56 3712.95
30000 -2.5265e+07 -7.58576e+06 -1117.69 3722.98
30060 -2.5331e+07 -7.36209e+06 -1084.73 3732.72
30120 -2.53951e+07 -7.13784e+06 -1051.69 3742.17
30180 -2.54572e+07 -6.91304e+06 -1018.56 3751.32
30240 -2.55174e+07 -6.68769e+06 -985.356 3760.18
30300 -2.55755e+07 -6.46182e+06 -952.073 3768.74
30360 -2.56316e+07 -6.23545e+06 -918.715 3777.02
30420 -2.56857e+07 -6.00858e+06 -885.285 3784.99
30480 -2.57378e+07 -5.78125e+06 -851.787 3792.67
30540 -2.57879e+07 -5.55347e+06 -818.221 3800.06
30600 -2.5836e+07 -5.32525e+06 -784.592 3807.14
30660 -2.58821e+07 -5.09662e+06 -750.901 3813.93
30720 -2.59261e+07 -4.86759e+06 -717.151 3820.42
30780 -2.59681e+07 -4.63817e+06 -683.346 3826.62
30840 -2.60081e+07 -4.4084e+06 -649.487 3832.51
30900 -2.60461e+07 -4.17828e+06 -615.577 3838.1
30960 -2.6082e+07 -3.94783e+06 -581.619 3843.4
31020 -2.61159e+07 -3.71708e+06 -547.615 3848.39
31080 -2.61477e+07 -3.48603e+06 -513.569 3853.08
31140 -2.61775e+07 -3.25471e+06 -479.483 3857.47
31200 -2.62053e+07 -3.02314e+06 -445.359 3861.56
31260 -2.62309e+07 -2.79133e+06 -411.2 3865.35
31320 -2.62546e+07 -2.5593e+06 -377.009 3868.84
31380 -2.62762e+07 -2.32708e+06 -342.788 3872.02
31440 -2.62957e+07 -2.09467e+06 -308.541 3874.9
31500 -2.63132e+07 -1.8621e+06 -274.269 3877.48
31560 -2.63286e+07 -1.62938e+06 -239.976 3879.75
31620 -2.6342e+07 -1.39653e+06 -205.665 3881.72
31680 -2.63533e+07 -1.16358e+06 -171.337 3883.39
31740 -2.63626e+07 -930530 -136.996 3884.75
31800 -2.63698e+07 -697412 -102.643 3885.81
31860 -2.63749e+07 -464238 -68.2834 3886.57
31920 -2.6378e+07 -231029 -33.9179 3887.02
31980 -2.6379e+07 2198.39 0.450195 3887.17
32040 -2.63779e+07 235426 34.8183 3887.02
32100 -2.63748e+07 468635 69.1838 3886.56
32160 -2.63696e+07 701807 103.544 3885.8
32220 -2.63624e+07 934924 137.896 3884.73
32280 -2.6353e+07 1.16797e+06 172.237 3883.36
32340 -2.63417e+07 1.40092e+06 206.565 3881.69
32400 -2.63283e+07 1.63377e+06 240.877 3879.71
32460 -2.63128e+07 1.86648e+06 275.169 3877.43
32520 -2.62952e+07 2.09905e+06 309.441 3874.85
32580 -2.62756e+07 2.33146e+06 343.688 3871.96
32640 -2.6254e+07 2.56368e+06 377.908 3868.77
32700 -2.62303e+07 2.7957e+06 412.099 3865.28
32760 -2.62045e+07 3.02751e+06 446.258 3861.49
32820 -2.61767e+07 3.25908e+06 480.382 3857.39
32880 -2.61469e+07 3.49039e+06 514.468 3853
32940 -2.6115e+07 3.72143e+06 548.514 3848.3
33000 -2.60811e+07 3.95218e+06 582.518 3843.3
33060 -2.60451e+07 4.18262e+06 616.475 3838
33120 -2.60071e+07 4.41273e+06 650.385 3832.4
33180 -2.59671e+07 4.6425e+06 684.244 3826.5
33240 -2.5925e+07 4.87191e+06 718.049 3820.3
33300 -2.58809e+07 5.10093e+06 751.798 3813.81
33360 -2.58348e+07 5.32956e+06 785.489 3807.01
33420 -2.57866e+07 5.55777e+06 819.118 3799.92
33480 -2.57365e+07 5.78554e+06 852.683 3792.53
33540 -2.56843e+07 6.01286e+06 886.182 3784.84
33600 -2.56302e+07 6.23972e+06 919.611 3776.86
33660 -2.5574e+07 6.46608e+06 952.968 3768.58
33720 -2.55158e+07 6.69194e+06 986.251 3760.01
33780 -2.54556e+07 6.91728e+06 1019.46 3751.14
33840 -2.53935e+07 7.14207e+06 1052.58 3741.99
33900 -2.53293e+07 7.36631e+06 1085.63 3732.53
33960 -2.52632e+07 7.58997e+06 1118.59 3722.79
34020 -2.51951e+07 7.81304e+06 1151.46 3712.76
34080 -2.5125e+07 8.03549e+06 1184.24 3702.43
34140 -2.5053e+07 8.25732e+06 1216.93 3691.82
34200 -2.4979e+07 8.47851e+06 1249.52 3680.91
34260 -2.4903e+07 8.69903e+06 1282.02 3669.72
34320 -2.48251e+07 8.91887e+06 1314.42 3658.25
34380 -2.47453e+07 9.13801e+06 1346.71 3646.48
34440 -2.46635e+07 9.35644e+06 1378.9 3634.43
34500 -2.45798e+07 9.57414e+06 1410.98 3622.1
34560 -2.44942e+07 9.79109e+06 1442.95 3609.49
34620 -2.44067e+07 1.00073e+07 1474.8 3596.59
34680 -2.43173e+07 1.02227e+07 1506.55 3583.41
34740 -2.42259e+07 1.04373e+07 1538.17 3569.95
34800 -2.41327e+07 1.06511e+07 1569.68 3556.21
34860 -2.40376e+07 1.0864e+07 1601.06 3542.19
34920 -2.39406e+07 1.10761e+07 1632.31 3527.9
34980 -2.38417e+07 1.12874e+07 1663.44 3513.33
35040 -2.37409e+07 1.14977e+07 1694.44 3498.49
35100 -2.36383e+07 1.17072e+07 1725.31 3483.37
35160 -2.35339e+07 1.19157e+07 1756.04 3467.98
35220 -2.34276e+07 1.21233e+07 1786.63 3452.32
35280 -2.33195e+07 1.233e+07 1817.09 3436.39
35340 -2.32096e+07 1.25357e+07 1847.4 3420.19
35400 -2.30978e+07 1.27404e+07 1877.57 3403.72
35460 -2.29843e+07 1.29441e+07 1907.59 3386.99
35520 -2.28689e+07 1.31468e+07 1937.46 3369.99
35580 -2.27518e+07 1.33485e+07 1967.18 3352.73
35640 -2.26329e+07 1.35492e+07 1996.75 3335.21
35700 -2.25122e+07 1.37487e+07 2026.16 3317.43
35760 -2.23897e+07 1.39472e+07 2055.41 3299.38
35820 -2.22655e+07 1.41447e+07 2084.5 3281.08
35880 -2.21396e+07 1.4341e+07 2113.43 3262.52
35940 -2.20119e+07 1.45362e+07 2142.2 3243.71
36000 -2.18825e+07 1.47302e+07 2170.79 3224.64
36060 -2.17514e+07 1.49231e+07 2199.22 3205.33
36120 -2.16186e+07 1.51148e+07 2227.47 3185.76
36180 -2.14841e+07 1.53054e+07 2255.55 3165.94
36240 -2.1348e+07 1.54948e+07 2283.46 3145.87
36300 -2.12101e+07 1.56829e+07 2311.18 3125.56
36360 -2.10706e+07 1.58698e+07 2338.73 3105
36420 -2.09295e+07 1.60555e+07 2366.09 3084.21
36480 -2.07867e+07 1.62399e+07 2393.27 3063.17
36540 -2.06423e+07 1.64231e+07 2420.26 3041.89
36600 -2.04963e+07 1.66049e+07 2447.06 3020.37
36660 -2.03486e+07 1.67855e+07 2473.67 2998.62
36720 -2.01994e+07 1.69648e+07 2500.09 2976.63
36780 -2.00486e+07 1.71427e+07 2526.31 2954.41
36840 -1.98963e+07 1.73193e+07 2552.33 2931.96
36900 -1.97424e+07 1.74945e+07 2578.16 2909.28
36960 -1.95869e+07 1.76684e+07 2603.78 2886.37
37020 -1.94299e+07 1.78409e+07 2629.2 2863.23
37080 -1.92714e+07 1.8012e+07 2654.41 2839.88
37140 -1.91114e+07 1.81817e+07 2679.42 2816.3
37200 -1.89499e+07 1.83499e+07 2704.21 2792.5
37260 -1.87869e+07 1.85168e+07 2728.8 2768.48
37320 -1.86224e+07 1.86821e+07 2753.17 2744.24
37380 -1.84565e+07 1.88461e+07 2777.33 2719.79
37440 -1.82892e+07 1.90085e+07 2801.27 2695.13
37500 -1.81204e+07 1.91695e+07 2824.99 2670.26
37560 -1.79502e+07 1.93289e+07 2848.49 2645.18
37620 -1.77786e+07 1.94869e+07 2871.76 2619.89
37680 -1.76056e+07 1.96433e+07 2894.81 2594.4
37740 -1.74312e+07 1.97982e+07 2917.64 2568.7
37800 -1.72554e+07 1.99516e+07 2940.24 2542.81
37860 -1.70784e+07 2.01034e+07 2962.61 2516.71
37920 -1.68999e+07 2.02536e+07 2984.74 2490.42
37980 -1.67202e+07 2.04022e+07 3006.65 2463.93
38040 -1.65391e+07 2.05492e+07 3028.32 2437.25
38100 -1.63568e+07 2.06947e+07 3049.75 2410.38
38160 -1.61732e+07 2.08385e+07 3070.94 2383.32
38220 -1.59883e+07 2.09807e+07 3091.89 2356.08
38280 -1.58022e+07 2.11212e+07 3112.6 2328.65
38340 -1.56148e+07 2.12601e+07 3133.07 2301.04
38400 -1.54262e+07 2.13973e+07 3153.29 2273.25
38460 -1.52364e+07 2.15329e+07 3173.27 2245.28
38520 -1.50454e+07 2.16668e+07 3193 2217.13
38580 -1.48532e+07 2.17989e+07 3212.48 2188.82
38640 -1.46599e+07 2.19294e+07 3231.71 2160.33
38700 -1.44654e+07 2.20582e+07 3250.68 2131.67
38760 -1.42698e+07 2.21852e+07 3269.4 2102.84
38820 -1.40731e+07 2.23105e+07 3287.87 2073.86
38880 -1.38753e+07 2.24341e+07 3306.08 2044.7
38940 -1.36764e+07 2.25559e+07 3324.03 2015.39
39000 -1.34764e+07 2.26759e+07 3341.72 1985.93
39060 -1.32754e+07 2.27942e+07 3359.14 1956.3
39120 -1.30733e+07 2.29107e+07 3376.31 1926.52
39180 -1.28702e+07 2.30254e+07 3393.21 1896.6
39240 -1.26661e+07 2.31382e+07 3409.85 1866.52
39300 -1.24611e+07 2.32493e+07 3426.22 1836.3
39360 -1.2255e+07 2.33586e+07 3442.32 1805.94
39420 -1.2048e+07 2.3466e+07 3458.16 1775.43
39480 -1.184e+07 2.35717e+07 3473.72 1744.78
39540 -1.16311e+07 2.36754e+07 3489.01 1714
39600 -1.14214e+07 2.37773e+07 3504.03 1683.09
39660 -1.12107e+07 2.38774e+07 3518.77 1652.04
39720 -1.09991e+07 2.39756e+07 3533.24 1620.86
39780 -1.07867e+07 2.40719e+07 3547.44 1589.56
39840 -1.05734e+07 2.41663e+07 3561.35 1558.13
39900 -1.03593e+07 2.42589e+07 3574.99 1526.58
39960 -1.01444e+07 2.43495e+07 3588.35 1494.92
40020 -9.92873e+06 2.44382e+07 3601.43 1463.13
40080 -9.71226e+06 2.45251e+07 3614.22 1431.23
40140 -9.49503e+06 2.461e+07 3626.74 1399.22
40200 -9.27706e+06 2.4693e+07 3638.97 1367.1
40260 -9.05836e+06 2.4774e+07 3650.91 1334.87
40320 -8.83895e+06 2.48532e+07 3662.57 1302.54
40380 -8.61886e+06 2.49303e+07 3673.95 1270.1
40440 -8.39808e+06 2.50056e+07 3685.03 1237.57
40500 -8.17666e+06 2.50788e+07 3695.83 1204.94
40560 -7.95459e+06 2.51502e+07 3706.34 1172.22
40620 -7.7319e+06 2.52195e+07 3716.56 1139.4
40680 -7.50861e+06 2.52869e+07 3726.49 1106.49
40740 -7.28473e+06 2.53523e+07 3736.13 1073.5
40800 -7.06028e+06 2.54157e+07 3745.47 1040.43
40860 -6.83528e+06 2.54771e+07 3754.53 1007.27
40920 -6.60974e+06 2.55366e+07 3763.29 974.035
40980 -6.38369e+06 2.5594e+07 3771.75 940.723
41040 -6.15714e+06 2.56495e+07 3779.92 907.338
41100 -5.9301e+06 2.57029e+07 3787.8 873.881
41160 -5.70261e+06 2.57543e+07 3795.38 840.357
41220 -5.47467e+06 2.58037e+07 3802.66 806.766
41280 -5.2463e+06 2.58511e+07 3809.64 773.113
41340 -5.01751e+06 2.58965e+07 3816.33 739.399
41400 -4.78834e+06 2.59399e+07 3822.72 705.627
41460 -4.55879e+06 2.59812e+07 3828.81 671.8
41520 -4.32889e+06 2.60205e+07 3834.6 637.921
41580 -4.09865e+06 2.60577e+07 3840.09 603.992
41640 -3.86809e+06 2.6093e+07 3845.28 570.015
41700 -3.63722e+06 2.61261e+07 3850.17 535.994
41760 -3.40607e+06 2.61573e+07 3854.76 501.931
41820 -3.17466e+06 2.61864e+07 3859.05 467.829
41880 -2.94299e+06 2.62134e+07 3863.03 433.69
41940 -2.7111e+06 2.62384e+07 3866.71 399.517
42000 -2.47899e+06 2.62614e+07 3870.1 365.313
42060 -2.24669e+06 2.62823e+07 3873.17 331.081
42120 -2.01422e+06 2.63011e+07 3875.95 296.822
42180 -1.78158e+06 2.63179e+07 3878.42 262.541
42240 -1.54881e+06 2.63326e+07 3880.59 228.239
42300 -1.31592e+06 2.63453e+07 3882.46 193.919
42360 -1.08292e+06 2.63559e+07 3884.02 159.584
42420 -849843 2.63644e+07 3885.28 125.236
42480 -616696 2.63709e+07 3886.24 90.8786
42540 -383501 2.63753e+07 3886.89 56.5141
42600 -150275 2.63777e+07 3887.24 22.1451
42660 82961.8 2.6378e+07 3887.28 -12.2255
42720 316192 2.63762e+07 3887.02 -46.5953
42780 549398 2.63724e+07 3886.46 -80.9613
42840 782561 2.63665e+07 3885.59 -115.321
42900 1.01566e+06 2.63585e+07 3884.42 -149.672
42960 1.24869e+06 2.63485e+07 3882.94 -184.011
43020 1.48161e+06 2.63365e+07 3881.16 -218.335
43080 1.71442e+06 2.63223e+07 3879.08 -252.643
43140 1.94709e+06 2.63061e+07 3876.7 -286.931
43200 2.17962e+06 2.62879e+07 3874.01 -321.196
43260 2.41197e+06 2.62676e+07 3871.02 -355.436
43320 2.64413e+06 2.62452e+07 3867.72 -389.649
43380 2.87609e+06 2.62208e+07 3864.13 -423.831
43440 3.10782e+06 2.61944e+07 3860.23 -457.98
43500 3.33931e+06 2.61659e+07 3856.03 -492.093
43560 3.57054e+06 2.61353e+07 3851.52 -526.167
43620 3.80149e+06 2.61027e+07 3846.72 -560.201
43680 4.03214e+06 2.60681e+07 3841.62 -594.191
43740 4.26247e+06 2.60314e+07 3836.21 -628.134
43800 4.49248e+06 2.59927e+07 3830.51 -662.028
43860 4.72213e+06 2.5952e+07 3824.51 -695.87
43920 4.95141e+06 2.59092e+07 3818.2 -729.658
43980 5.18031e+06 2.58644e+07 3811.6 -763.389
44040 5.4088e+06 2.58176e+07 3804.7 -797.06
44100 5.63687e+06 2.57688e+07 3797.51 -830.669
44160 5.86449e+06 2.5718e+07 3790.01 -864.213
44220 6.09166e+06 2.56651e+07 3782.23 -897.689
44280 6.31836e+06 2.56102e+07 3774.14 -931.095
44340 6.54455e+06 2.55534e+07 3765.76 -964.429
44400 6.77024e+06 2.54945e+07 3757.09 -997.686
44460 6.9954e+06 2.54336e+07 3748.12 -1030.87
44520 7.22001e+06 2.53708e+07 3738.86 -1063.97
44580 7.44406e+06 2.5306e+07 3729.3 -1096.98
44640 7.66752e+06 2.52392e+07 3719.46 -1129.91
44700 7.89038e+06 2.51704e+07 3709.32 -1162.75
44760 8.11263e+06 2.50996e+07 3698.89 -1195.51
44820 8.33425e+06 2.50269e+07 3688.18 -1228.16
44880 8.55521e+06 2.49523e+07 3677.18 -1260.72
44940 8.7755e+06 2.48756e+07 3665.88 -1293.19
45000 8.99511e+06 2.47971e+07 3654.31 -1325.55
45060 9.21401e+06 2.47166e+07 3642.44 -1357.81
45120 9.4322e+06 2.46341e+07 3630.3 -1389.96
45180 9.64964e+06 2.45498e+07 3617.86 -1422
45240 9.86633e+06 2.44635e+07 3605.15 -1453.94
45300 1.00823e+07 2.43753e+07 3592.15 -1485.75
45360 1.02974e+07 2.42852e+07 3578.88 -1517.46
45420 1.05117e+07 2.41932e+07 3565.32 -1549.04
45480 1.07252e+07 2.40993e+07 3551.48 -1580.5
45540 1.09379e+07 2.40036e+07 3537.37 -1611.84
45600 1.11497e+07 2.39059e+07 3522.98 -1643.06
45660 1.13606e+07 2.38064e+07 3508.31 -1674.14
45720 1.15707e+07 2.3705e+07 3493.37 -1705.09
45780 1.17798e+07 2.36018e+07 3478.16 -1735.91
45840 1.19881e+07 2.34967e+07 3462.68 -1766.6
45900 1.21954e+07 2.33898e+07 3446.92 -1797.15
45960 1.24017e+07 2.32811e+07 3430.9 -1827.55
46020 1.26071e+07 2.31705e+07 3414.6 -1857.81
46080 1.28114e+07 2.30581e+07 3398.04 -1887.93
46140 1.30148e+07 2.29439e+07 3381.22 -1917.9
46200 1.32172e+07 2.2828e+07 3364.13 -1947.72
46260 1.34185e+07 2.27102e+07 3346.77 -1977.39
46320 1.36188e+07 2.25907e+07 3329.16 -2006.9
46380 1.3818e+07 2.24694e+07 3311.28 -2036.26
46440 1.40161e+07 2.23463e+07 3293.15 -2065.46
46500 1.42132e+07 2.22215e+07 3274.76 -2094.49
46560 1.44091e+07 2.2095e+07 3256.11 -2123.37
46620 1.46039e+07 2.19667e+07 3237.21 -2152.07
46680 1.47976e+07 2.18368e+07 3218.05 -2180.61
46740 1.49901e+07 2.17051e+07 3198.65 -2208.98
46800 1.51814e+07 2.15717e+07 3178.99 -2237.17
46860 1.53715e+07 2.14366e+07 3159.09 -2265.19
46920 1.55605e+07 2.12999e+07 3138.93 -2293.03
46980 1.57482e+07 2.11615e+07 3118.54 -2320.7
47040 1.59347e+07 2.10214e+07 3097.89 -2348.18
47100 1.61199e+07 2.08797e+07 3077.01 -2375.48
47160 1.63039e+07 2.07363e+07 3055.89 -2402.59
47220 1.64866e+07 2.05914e+07 3034.52 -2429.52
47280 1.66681e+07 2.04448e+07 3012.92 -2456.25
47340 1.68482e+07 2.02966e+07 2991.09 -2482.79
47400 1.7027e+07 2.01469e+07 2969.02 -2509.14
47460 1.72045e+07 1.99955e+07 2946.72 -2535.29
47520 1.73806e+07 1.98426e+07 2924.19 -2561.25
47580 1.75554e+07 1.96882e+07 2901.43 -2587
47640 1.77288e+07 1.95322e+07 2878.44 -2612.55
47700 1.79008e+07 1.93747e+07 2855.23 -2637.9
47760 1.80714e+07 1.92157e+07 2831.79 -2663.04
47820 1.82406e+07 1.90551e+07 2808.13 -2687.98
47880 1.84084e+07 1.88931e+07 2784.26 -2712.7
47940 1.85747e+07 1.87296e+07 2760.16 -2737.21
48000 1.87396e+07 1.85646e+07 2735.85 -2761.51
48060 1.8903e+07 1.83982e+07 2711.33 -2785.59
48120 1.90649e+07 1.82304e+07 2686.59 -2809.45
48180 1.92254e+07 1.80611e+07 2661.65 -2833.09
48240 1.93843e+07 1.78904e+07 2636.49 -2856.52
48300 1.95418e+07 1.77183e+07 2611.14 -2879.71
48360 1.96977e+07 1.75448e+07 2585.57 -2902.69
48420 1.9852e+07 1.737e+07 2559.81 -2925.43
48480 2.00048e+07 1.71938e+07 2533.84 -2947.95
48540 2.01561e+07 1.70163e+07 2507.67 -2970.24
48600 2.03057e+07 1.68374e+07 2481.31 -2992.29
48660 2.04538e+07 1.66572e+07 2454.76 -3014.12
48720 2.06003e+07 1.64757e+07 2428.01 -3035.7
48780 2.07452e+07 1.62929e+07 2401.08 -3057.05
48840 2.08884e+07 1.61088e+07 2373.95 -3078.16
48900 2.10301e+07 1.59235e+07 2346.65 -3099.03
48960 2.117e+07 1.5737e+07 2319.15 -3119.65
49020 2.13084e+07 1.55492e+07 2291.48 -3140.04
49080 2.1445e+07 1.53602e+07 2263.63 -3160.17
49140 2.158e+07 1.517e+07 2235.6 -3180.06
49200 2.17133e+07 1.49786e+07 2207.39 -3199.7
49260 2.18449e+07 1.4786e+07 2179.01 -3219.09
49320 2.19748e+07 1.45923e+07 2150.47 -3238.23
49380 2.21029e+07 1.43974e+07 2121.75 -3257.12
49440 2.22294e+07 1.42014e+07 2092.87 -3275.75
49500 2.23541e+07 1.40043e+07 2063.82 -3294.13
49560 2.2477e+07 1.38061e+07 2034.62 -3312.24
49620 2.25982e+07 1.36069e+07 2005.25 -3330.1
49680 2.27176e+07 1.34065e+07 1975.73 -3347.7
49740 2.28353e+07 1.32051e+07 1946.05 -3365.04
49800 2.29512e+07 1.30027e+07 1916.23 -3382.11
49860 2.30652e+07 1.27993e+07 1886.25 -3398.92
49920 2.31775e+07 1.25949e+07 1856.12 -3415.47
49980 2.3288e+07 1.23895e+07 1825.85 -3431.74
50040 2.33966e+07 1.21831e+07 1795.44 -3447.75
50100 2.35034e+07 1.19757e+07 1764.88 -3463.49
50160 2.36084e+07 1.17675e+07 1734.19 -3478.96
50220 2.37115e+07 1.15583e+07 1703.36 -3494.15
50280 2.38128e+07 1.13482e+07 1672.4 -3509.08
50340 2.39122e+07 1.11372e+07 1641.31 -3523.72
50400 2.40098e+07 1.09253e+07 1610.09 -3538.1
50460 2.41054e+07 1.07126e+07 1578.74 -3552.19
50520 2.41992e+07 1.04991e+07 1547.28 -3566.01
50580 2.42911e+07 1.02847e+07 1515.69 -3579.55
50640 2.43811e+07 1.00695e+07 1483.98 -3592.81
50700 2.44692e+07 9.85356e+06 1452.15 -3605.79
50760 2.45553e+07 9.63683e+06 1420.22 -3618.49
50820 2.46396e+07 9.41935e+06 1388.17 -3630.9
50880 2.47219e+07 9.20113e+06 1356.01 -3643.03
50940 2.48023e+07 8.98219e+06 1323.75 -3654.88
51000 2.48808e+07 8.76255e+06 1291.38 -3666.44
51060 2.49573e+07 8.54222e+06 1258.91 -3677.71
51120 2.50318e+07 8.32123e+06 1226.35 -3688.7
51180 2.51044e+07 8.09958e+06 1193.68 -3699.4
51240 2.51751e+07 7.8773e+06 1160.93 -3709.81
51300 2.52437e+07 7.65441e+06 1128.08 -3719.92
51360 2.53104e+07 7.43092e+06 1095.15 -3729.75
51420 2.53752e+07 7.20685e+06 1062.13 -3739.29
51480 2.54379e+07 6.98221e+06 1029.03 -3748.53
51540 2.54986e+07 6.75703e+06 995.843 -3757.48
51600 2.55574e+07 6.53132e+06 962.582 -3766.14
51660 2.56141e+07 6.3051e+06 929.246 -3774.5
51720 2.56689e+07 6.07838e+06 895.837 -3782.57
51780 2.57216e+07 5.8512e+06 862.358 -3790.34
51840 2.57724e+07 5.62355e+06 828.812 -3797.82
51900 2.58211e+07 5.39546e+06 795.201 -3804.99
51960 2.58678e+07 5.16696e+06 761.528 -3811.87
52020 2.59125e+07 4.93804e+06 727.795 -3818.46
52080 2.59551e+07 4.70875e+06 694.006 -3824.74
52140 2.59958e+07 4.47908e+06 660.162 -3830.73
52200 2.60344e+07 4.24907e+06 626.267 -3836.41
52260 2.60709e+07 4.01872e+06 592.323 -3841.8
52320 2.61054e+07 3.78806e+06 558.333 -3846.89
52380 2.61379e+07 3.5571e+06 524.298 -3851.67
52440 2.61683e+07 3.32586e+06 490.223 -3856.15
52500 2.61967e+07 3.09437e+06 456.11 -3860.34
52560 2.62231e+07 2.86263e+06 421.961 -3864.22
52620 2.62474e+07 2.63066e+06 387.779 -3867.8
52680 2.62696e+07 2.3985e+06 353.567 -3871.07
52740 2.62898e+07 2.16614e+06 319.327 -3874.05
52800 2.63079e+07 1.93362e+06 285.063 -3876.72
52860 2.6324e+07 1.70094e+06 250.776 -3879.08
52920 2.6338e+07 1.46813e+06 216.469 -3881.15
52980 2.635e+07 1.23521e+06 182.146 -3882.91
53040 2.63599e+07 1.00219e+06 147.808 -3884.37
53100 2.63677e+07 769093 113.459 -3885.52
53160 2.63735e+07 535934 79.101 -3886.37
53220 2.63772e+07 302734 44.7368 -3886.92
53280 2.63789e+07 69510.3 10.3692 -3887.16
53340 2.63785e+07 -163719 -23.9992 -3887.1
53400 2.6376e+07 -396935 -58.3657 -3886.73
53460 2.63715e+07 -630121 -92.7276 -3886.06
53520 2.63649e+07 -863257 -127.082 -3885.09
53580 2.63562e+07 -1.09633e+06 -161.427 -3883.82
53640 2.63455e+07 -1.32931e+06 -195.759 -3882.24
53700 2.63327e+07 -1.56219e+06 -230.076 -3880.35
53760 2.63179e+07 -1.79494e+06 -264.374 -3878.16
53820 2.6301e+07 -2.02756e+06 -298.652 -3875.67
53880 2.6282e+07 -2.26002e+06 -332.907 -3872.88
53940 2.6261e+07 -2.4923e+06 -367.135 -3869.79
54000 2.6238e+07 -2.72439e+06 -401.335 -3866.39
54060 2.62129e+07 -2.95626e+06 -435.504 -3862.69
54120 2.61857e+07 -3.1879e+06 -469.638 -3858.68
54180 2.61565e+07 -3.4193e+06 -503.736 -3854.38
54240 2.61253e+07 -3.65042e+06 -537.794 -3849.77
54300 2.6092e+07 -3.88126e+06 -571.81 -3844.87
54360 2.60567e+07 -4.1118e+06 -605.781 -3839.66
54420 2.60193e+07 -4.34202e+06 -639.705 -3834.15
54480 2.59799e+07 -4.57189e+06 -673.579 -3828.35
54540 2.59385e+07 -4.80141e+06 -707.401 -3822.24
54600 2.5895e+07 -5.03056e+06 -741.167 -3815.84
54660 2.58495e+07 -5.25931e+06 -774.875 -3809.13
54720 2.5802e+07 -5.48765e+06 -808.522 -3802.13
54780 2.57525e+07 -5.71556e+06 -842.106 -3794.83
54840 2.5701e+07 -5.94302e+06 -875.624 -3787.24
54900 2.56474e+07 -6.17002e+06 -909.074 -3779.35
54960 2.55919e+07 -6.39654e+06 -942.453 -3771.16
55020 2.55343e+07 -6.62255e+06 -975.758 -3762.68
55080 2.54748e+07 -6.84805e+06 -1008.99 -3753.91
55140 2.54133e+07 -7.07302e+06 -1042.14 -3744.84
55200 2.53497e+07 -7.29743e+06 -1075.2 -3735.48
55260 2.52842e+07 -7.52127e+06 -1108.19 -3725.82
55320 2.52168e+07 -7.74452e+06 -1141.09 -3715.88
55380 2.51473e+07 -7.96717e+06 -1173.9 -3705.64
55440 2.50759e+07 -8.18919e+06 -1206.61 -3695.12
55500 2.50025e+07 -8.41058e+06 -1239.23 -3684.31
55560 2.49272e+07 -8.6313e+06 -1271.76 -3673.2
55620 2.48499e+07 -8.85136e+06 -1304.19 -3661.82
55680 2.47707e+07 -9.07072e+06 -1336.51 -3650.14
55740 2.46895e+07 -9.28937e+06 -1368.73 -3638.18
55800 2.46064e+07 -9.50729e+06 -1400.84 -3625.94
55860 2.45214e+07 -9.72447e+06 -1432.84 -3613.41
55920 2.44345e+07 -9.94089e+06 -1464.74 -3600.6
55980 2.43457e+07 -1.01565e+07 -1496.51 -3587.51
56040 2.42549e+07 -1.03714e+07 -1528.17 -3574.13
56100 2.41623e+07 -1.05854e+07 -1559.71 -3560.48
56160 2.40678e+07 -1.07986e+07 -1591.13 -3546.55
56220 2.39714e+07 -1.1011e+07 -1622.42 -3532.34
56280 2.38731e+07 -1.12225e+07 -1653.59 -3517.86
56340 2.37729e+07 -1.14331e+07 -1684.63 -3503.1
56400 2.36709e+07 -1.16429e+07 -1715.53 -3488.07
56460 2.35671e+07 -1.18517e+07 -1746.3 -3472.77
56520 2.34614e+07 -1.20596e+07 -1776.94 -3457.19
56580 2.33538e+07 -1.22666e+07 -1807.43 -3441.34
56640 2.32445e+07 -1.24726e+07 -1837.79 -3425.23
56700 2.31333e+07 -1.26776e+07 -1868 -3408.84
56760 2.30203e+07 -1.28816e+07 -1898.07 -3392.2
56820 2.29055e+07 -1.30846e+07 -1927.98 -3375.28
56880 2.2789e+07 -1.32867e+07 -1957.75 -3358.1
56940 2.26706e+07 -1.34876e+07 -1987.36 -3340.66
57000 2.25505e+07 -1.36875e+07 -2016.82 -3322.96
57060 2.24286e+07 -1.38864e+07 -2046.12 -3305
57120 2.2305e+07 -1.40841e+07 -2075.26 -3286.78
57180 2.21796e+07 -1.42808e+07 -2104.24 -3268.3
57240 2.20525e+07 -1.44763e+07 -2133.05 -3249.57
57300 2.19236e+07 -1.46707e+07 -2161.7 -3230.58
57360 2.17931e+07 -1.4864e+07 -2190.17 -3211.34
57420 2.16608e+07 -1.50561e+07 -2218.48 -3191.85
57480 2.15268e+07 -1.5247e+07 -2246.61 -3172.11
57540 2.13912e+07 -1.54367e+07 -2274.57 -3152.12
57600 2.12539e+07 -1.56252e+07 -2302.35 -3131.89
57660 2.11149e+07 -1.58125e+07 -2329.95 -3111.41
57720 2.09743e+07 -1.59986e+07 -2357.36 -3090.69
57780 2.0832e+07 -1.61834e+07 -2384.6 -3069.73
57840 2.06882e+07 -1.6367e+07 -2411.64 -3048.52
57900 2.05426e+07 -1.65492e+07 -2438.5 -3027.08
57960 2.03955e+07 -1.67302e+07 -2465.17 -3005.4
58020 2.02468e+07 -1.69099e+07 -2491.64 -2983.49
58080 2.00965e+07 -1.70882e+07 -2517.92 -2961.34
58140 1.99447e+07 -1.72652e+07 -2544.01 -2938.96
58200 1.97913e+07 -1.74409e+07 -2569.89 -2916.36
58260 1.96363e+07 -1.76152e+07 -2595.57 -2893.52
58320 1.94798e+07 -1.77881e+07 -2621.05 -2870.46
58380 1.93218e+07 -1.79596e+07 -2646.33 -2847.17
58440 1.91622e+07 -1.81298e+07 -2671.4 -2823.66
58500 1.90012e+07 -1.82985e+07 -2696.26 -2799.94
58560 1.88387e+07 -1.84658e+07 -2720.91 -2775.99
58620 1.86747e+07 -1.86316e+07 -2745.34 -2751.82
58680 1.85093e+07 -1.8796e+07 -2769.56 -2727.44
58740 1.83424e+07 -1.89589e+07 -2793.57 -2702.85
58800 1.8174e+07 -1.91203e+07 -2817.36 -2678.04
58860 1.80043e+07 -1.92802e+07 -2840.92 -2653.03
58920 1.78331e+07 -1.94387e+07 -2864.27 -2627.81
58980 1.76606e+07 -1.95956e+07 -2887.39 -2602.38
59040 1.74867e+07 -1.9751e+07 -2910.28 -2576.75
59100 1.73114e+07 -1.99048e+07 -2932.95 -2550.92
59160 1.71347e+07 -2.00571e+07 -2955.39 -2524.89
59220 1.69567e+07 -2.02078e+07 -2977.59 -2498.66
59280 1.67774e+07 -2.03569e+07 -2999.57 -2472.24
59340 1.65968e+07 -2.05044e+07 -3021.31 -2445.62
59400 1.64148e+07 -2.06504e+07 -3042.81 -2418.81
59460 1.62316e+07 -2.07947e+07 -3064.08 -2391.81
59520 1.60472e+07 -2.09374e+07 -3085.1 -2364.63
59580 1.58614e+07 -2.10784e+07 -3105.89 -2337.26
59640 1.56745e+07 -2.12178e+07 -3126.43 -2309.71
59700 1.54863e+07 -2.13556e+07 -3146.73 -2281.98
59760 1.52969e+07 -2.14917e+07 -3166.78 -2254.07
59820 1.51063e+07 -2.16261e+07 -3186.58 -2225.98
59880 1.49145e+07 -2.17588e+07 -3206.14 -2197.72
59940 1.47215e+07 -2.18898e+07 -3225.44 -2169.29
60000 1.45274e+07 -2.20191e+07 -3244.5 -2140.69
60060 1.43322e+07 -2.21467e+07 -3263.3 -2111.92
60120 1.41358e+07 -2.22725e+07 -3281.84 -2082.98
60180 1.39384e+07 -2.23966e+07 -3300.13 -2053.89
60240 1.37398e+07 -2.2519e+07 -3318.16 -2024.63
60300 1.35402e+07 -2.26396e+07 -3335.93 -1995.21
60360 1.33395e+07 -2.27584e+07 -3353.44 -1965.64
60420 1.31378e+07 -2.28755e+07 -3370.68 -1935.92
60480 1.2935e+07 -2.29907e+07 -3387.67 -1906.04
60540 1.27313e+07 -2.31042e+07 -3404.38 -1876.01
60600 1.25265e+07 -2.32158e+07 -3420.84 -1845.84
60660 1.23208e+07 -2.33257e+07 -3437.02 -1815.52
60720 1.21141e+07 -2.34337e+07 -3452.94 -1785.07
60780 1.19064e+07 -2.35399e+07 -3468.59 -1754.47
60840 1.16979e+07 -2.36442e+07 -3483.96 -1723.73
60900 1.14884e+07 -2.37467e+07 -3499.06 -1692.86
60960 1.1278e+07 -2.38474e+07 -3513.89 -1661.86
61020 1.10667e+07 -2.39462e+07 -3528.45 -1630.73
61080 1.08546e+07 -2.40431e+07 -3542.73 -1599.47
61140 1.06416e+07 -2.41381e+07 -3556.73 -1568.08
61200 1.04278e+07 -2.42312e+07 -3570.45 -1536.58
61260 1.02131e+07 -2.43225e+07 -3583.9 -1504.95
61320 9.9977e+06 -2.44118e+07 -3597.06 -1473.21
61380 9.78149e+06 -2.44993e+07 -3609.95 -1441.35
61440 9.56451e+06 -2.45848e+07 -3622.55 -1409.37
61500 9.34679e+06 -2.46684e+07 -3634.87 -1377.29
61560 9.12833e+06 -2.47501e+07 -3646.9 -1345.1
61620 8.90917e+06 -2.48298e+07 -3658.65 -1312.8
61680 8.6893e+06 -2.49076e+07 -3670.12 -1280.41
61740 8.46876e+06 -2.49834e+07 -3681.29 -1247.91
61800 8.24755e+06 -2.50573e+07 -3692.18 -1215.31
61860 8.0257e+06 -2.51293e+07 -3702.78 -1182.62
61920 7.80322e+06 -2.51993e+07 -3713.09 -1149.84
61980 7.58014e+06 -2.52673e+07 -3723.11 -1116.97
62040 7.35646e+06 -2.53333e+07 -3732.84 -1084.01
62100 7.1322e+06 -2.53973e+07 -3742.28 -1050.96
62160 6.90739e+06 -2.54594e+07 -3751.42 -1017.83
62220 6.68204e+06 -2.55195e+07 -3760.28 -984.627
62280 6.45616e+06 -2.55776e+07 -3768.83 -951.343
62340 6.22978e+06 -2.56336e+07 -3777.1 -917.985
62400 6.00292e+06 -2.56877e+07 -3785.07 -884.555
62460 5.77558e+06 -2.57398e+07 -3792.74 -851.056
62520 5.54779e+06 -2.57898e+07 -3800.11 -817.491
62580 5.31957e+06 -2.58379e+07 -3807.19 -783.861
62640 5.09094e+06 -2.58839e+07 -3813.97 -750.171
62700 4.8619e+06 -2.59279e+07 -3820.46 -716.422
62760 4.63249e+06 -2.59699e+07 -3826.64 -682.616
62820 4.40271e+06 -2.60098e+07 -3832.53 -648.758
62880 4.17259e+06 -2.60477e+07 -3838.11 -614.848
62940 3.94214e+06 -2.60836e+07 -3843.4 -580.891
63000 3.71139e+06 -2.61174e+07 -3848.38 -546.888
63060 3.48034e+06 -2.61492e+07 -3853.07 -512.843
63120 3.24903e+06 -2.6179e+07 -3857.45 -478.757
63180 3.01745e+06 -2.62067e+07 -3861.53 -444.634
63240 2.78565e+06 -2.62323e+07 -3865.31 -410.477
63300 2.55362e+06 -2.62559e+07 -3868.79 -376.287
63360 2.3214e+06 -2.62775e+07 -3871.97 -342.068
63420 2.08899e+06 -2.6297e+07 -3874.84 -307.822
63480 1.85642e+06 -2.63144e+07 -3877.41 -273.552
63540 1.62371e+06 -2.63298e+07 -3879.68 -239.26
63600 1.39087e+06 -2.63431e+07 -3881.64 -204.95
63660 1.15792e+06 -2.63544e+07 -3883.3 -170.624
63720 924878 -2.63636e+07 -3884.66 -136.285
63780 691766 -2.63707e+07 -3885.71 -101.935
63840 458599 -2.63758e+07 -3886.46 -67.5765
63900 225397 -2.63789e+07 -3886.91 -33.2131
63960 -7823.33 -2.63798e+07 -3887.05 1.1528
64020 -241043 -2.63787e+07 -3886.89 35.5187
64080 -474243 -2.63756e+07 -3886.42 69.8817
64140 -707407 -2.63703e+07 -3885.65 104.239
64200 -940515 -2.6363e+07 -3884.58 138.589
64260 -1.17355e+06 -2.63537e+07 -3883.2 172.927
64320 -1.40649e+06 -2.63423e+07 -3881.52 207.253
64380 -1.63933e+06 -2.63288e+07 -3879.53 241.561
64440 -1.87203e+06 -2.63133e+07 -3877.25 275.852
64500 -2.10459e+06 -2.62957e+07 -3874.66 310.12
64560 -2.33698e+06 -2.62761e+07 -3871.76 344.364
64620 -2.5692e+06 -2.62544e+07 -3868.57 378.582
64680 -2.80121e+06 -2.62307e+07 -3865.07 412.769
64740 -3.033e+06 -2.62049e+07 -3861.27 446.925
64800 -3.26455e+06 -2.6177e+07 -3857.17 481.045
64860 -3.49585e+06 -2.61471e+07 -3852.76 515.128
64920 -3.72688e+06 -2.61152e+07 -3848.06 549.171
64980 -3.95761e+06 -2.60812e+07 -3843.05 583.171
65040 -4.18804e+06 -2.60452e+07 -3837.75 617.125
65100 -4.41814e+06 -2.60072e+07 -3832.14 651.031
65160 -4.64789e+06 -2.59671e+07 -3826.24 684.886
65220 -4.87728e+06 -2.5925e+07 -3820.03 718.687
65280 -5.10629e+06 -2.58809e+07 -3813.53 752.433
65340 -5.3349e+06 -2.58347e+07 -3806.73 786.119
65400 -5.56309e+06 -2.57865e+07 -3799.63 819.745
65460 -5.79085e+06 -2.57363e+07 -3792.23 853.306
65520 -6.01815e+06 -2.56841e+07 -3784.54 886.8
65580 -6.24499e+06 -2.56299e+07 -3776.55 920.225
65640 -6.47133e+06 -2.55737e+07 -3768.27 953.578
65700 -6.69717e+06 -2.55155e+07 -3759.69 986.857
65760 -6.92249e+06 -2.54553e+07 -3750.82 1020.06
65820 -7.14726e+06 -2.53931e+07 -3741.66 1053.18
65880 -7.37148e+06 -2.53289e+07 -3732.2 1086.22
65940 -7.59512e+06 -2.52628e+07 -3722.45 1119.17
66000 -7.81817e+06 -2.51946e+07 -3712.41 1152.04
66060 -8.04061e+06 -2.51245e+07 -3702.08 1184.82
66120 -8.26241e+06 -2.50524e+07 -3691.46 1217.5
66180 -8.48357e+06 -2.49784e+07 -3680.55 1250.09
66240 -8.70407e+06 -2.49024e+07 -3669.36 1282.58
66300 -8.92389e+06 -2.48245e+07 -3657.87 1314.97
66360 -9.14301e+06 -2.47446e+07 -3646.1 1347.26
66420 -9.36142e+06 -2.46628e+07 -3634.05 1379.45
66480 -9.57909e+06 -2.45791e+07 -3621.71 1411.52
66540 -9.79602e+06 -2.44935e+07 -3609.09 1443.49
66600 -1.00122e+07 -2.44059e+07 -3596.19 1475.34
66660 -1.02276e+07 -2.43164e+07 -3583.01 1507.08
66720 -1.04421e+07 -2.4225e+07 -3569.54 1538.7
66780 -1.06559e+07 -2.41318e+07 -3555.8 1570.19
66840 -1.08688e+07 -2.40366e+07 -3541.78 1601.57
66900 -1.10809e+07 -2.39396e+07 -3527.48 1632.82
66960 -1.12921e+07 -2.38407e+07 -3512.91 1663.94
67020 -1.15024e+07 -2.37399e+07 -3498.06 1694.94
67080 -1.17119e+07 -2.36373e+07 -3482.94 1725.8
67140 -1.19204e+07 -2.35328e+07 -3467.54 1756.53
67200 -1.2128e+07 -2.34265e+07 -3451.88 1787.11
67260 -1.23346e+07 -2.33184e+07 -3435.94 1817.56
67320 -1.25403e+07 -2.32084e+07 -3419.74 1847.87
67380 -1.2745e+07 -2.30966e+07 -3403.27 1878.03
67440 -1.29487e+07 -2.29831e+07 -3386.53 1908.05
67500 -1.31514e+07 -2.28677e+07 -3369.53 1937.91
67560 -1.3353e+07 -2.27505e+07 -3352.27 1967.63
67620 -1.35536e+07 -2.26316e+07 -3334.74 1997.19
67680 -1.37532e+07 -2.25108e+07 -3316.95 2026.6
67740 -1.39517e+07 -2.23884e+07 -3298.91 2055.84
67800 -1.4149e+07 -2.22641e+07 -3280.6 2084.93
67860 -1.43453e+07 -2.21382e+07 -3262.04 2113.85
67920 -1.45405e+07 -2.20105e+07 -3243.23 2142.61
67980 -1.47345e+07 -2.18811e+07 -3224.16 2171.2
68040 -1.49274e+07 -2.17499e+07 -3204.84 2199.62
68100 -1.51191e+07 -2.16171e+07 -3185.26 2227.87
68160 -1.53096e+07 -2.14826e+07 -3165.44 2255.95
68220 -1.54989e+07 -2.13464e+07 -3145.37 2283.84
68280 -1.5687e+07 -2.12085e+07 -3125.06 2311.56
68340 -1.58739e+07 -2.1069e+07 -3104.5 2339.1
68400 -1.60596e+07 -2.09279e+07 -3083.7 2366.46
68460 -1.6244e+07 -2.07851e+07 -3062.66 2393.63
68520 -1.64271e+07 -2.06406e+07 -3041.38 2420.62
68580 -1.66089e+07 -2.04946e+07 -3019.86 2447.41
68640 -1.67895e+07 -2.03469e+07 -2998.1 2474.02
68700 -1.69687e+07 -2.01977e+07 -2976.11 2500.43
68760 -1.71466e+07 -2.00469e+07 -2953.89 2526.64
68820 -1.73232e+07 -1.98945e+07 -2931.44 2552.66
68880 -1.74984e+07 -1.97406e+07 -2908.75 2578.48
68940 -1.76722e+07 -1.95851e+07 -2885.84 2604.09
69000 -1.78447e+07 -1.94281e+07 -2862.71 2629.51
69060 -1.80157e+07 -1.92696e+07 -2839.35 2654.71
69120 -1.81854e+07 -1.91095e+07 -2815.77 2679.71
69180 -1.83536e+07 -1.8948e+07 -2791.97 2704.5
69240 -1.85204e+07 -1.8785e+07 -2767.95 2729.08
69300 -1.86858e+07 -1.86205e+07 -2743.71 2753.45
69360 -1.88497e+07 -1.84546e+07 -2719.26 2777.6
69420 -1.90121e+07 -1.82872e+07 -2694.6 2801.53
69480 -1.9173e+07 -1.81184e+07 -2669.72 2825.25
69540 -1.93324e+07 -1.79482e+07 -2644.64 2848.74
69600 -1.94904e+07 -1.77766e+07 -2619.35 2872.01
69660 -1.96467e+07 -1.76035e+07 -2593.86 2895.06
69720 -1.98016e+07 -1.74292e+07 -2568.16 2917.88
69780 -1.99549e+07 -1.72534e+07 -2542.26 2940.47
69840 -2.01067e+07 -1.70763e+07 -2516.17 2962.84
69900 -2.02569e+07 -1.68979e+07 -2489.87 2984.97
69960 -2.04055e+07 -1.67181e+07 -2463.39 3006.86
70020 -2.05525e+07 -1.65371e+07 -2436.71 3028.53
70080 -2.06979e+07 -1.63547e+07 -2409.83 3049.95
70140 -2.08416e+07 -1.61711e+07 -2382.78 3071.14
70200 -2.09838e+07 -1.59862e+07 -2355.53 3092.09
70260 -2.11243e+07 -1.58e+07 -2328.1 3112.79
70320 -2.12632e+07 -1.56126e+07 -2300.49 3133.25
70380 -2.14004e+07 -1.5424e+07 -2272.7 3153.47
70440 -2.15359e+07 -1.52342e+07 -2244.73 3173.44
70500 -2.16697e+07 -1.50432e+07 -2216.59 3193.17
70560 -2.18019e+07 -1.4851e+07 -2188.27 3212.64
70620 -2.19323e+07 -1.46577e+07 -2159.78 3231.86
70680 -2.2061e+07 -1.44632e+07 -2131.12 3250.83
70740 -2.2188e+07 -1.42676e+07 -2102.3 3269.55
70800 -2.23133e+07 -1.40709e+07 -2073.31 3288.01
70860 -2.24368e+07 -1.38731e+07 -2044.16 3306.21
70920 -2.25586e+07 -1.36741e+07 -2014.85 3324.15
70980 -2.26786e+07 -1.34742e+07 -1985.38 3341.84
71040 -2.27968e+07 -1.32731e+07 -1955.76 3359.26
71100 -2.29133e+07 -1.30711e+07 -1925.98 3376.42
71160 -2.3028e+07 -1.2868e+07 -1896.05 3393.32
71220 -2.31408e+07 -1.26639e+07 -1865.98 3409.95
71280 -2.32519e+07 -1.24588e+07 -1835.76 3426.32
71340 -2.33611e+07 -1.22527e+07 -1805.39 3442.41
71400 -2.34685e+07 -1.20457e+07 -1774.89 3458.24
71460 -2.35741e+07 -1.18377e+07 -1744.24 3473.8
71520 -2.36778e+07 -1.16288e+07 -1713.46 3489.09
71580 -2.37797e+07 -1.1419e+07 -1682.55 3504.1
71640 -2.38797e+07 -1.12084e+07 -1651.5 3518.84
71700 -2.39779e+07 -1.09968e+07 -1620.33 3533.31
71760 -2.40742e+07 -1.07844e+07 -1589.02 3547.49
71820 -2.41686e+07 -1.05711e+07 -1557.6 3561.41
71880 -2.42611e+07 -1.0357e+07 -1526.05 3575.04
71940 -2.43517e+07 -1.01421e+07 -1494.38 3588.39
72000 -2.44404e+07 -9.9264e+06 -1462.6 3601.47
72060 -2.45272e+07 -9.70993e+06 -1430.7 3614.26
72120 -2.46121e+07 -9.49269e+06 -1398.69 3626.77
72180 -2.4695e+07 -9.27472e+06 -1366.57 3638.99
72240 -2.47761e+07 -9.05602e+06 -1334.34 3650.93
72300 -2.48552e+07 -8.83661e+06 -1302.01 3662.59
72360 -2.49323e+07 -8.61652e+06 -1269.58 3673.96
72420 -2.50075e+07 -8.39574e+06 -1237.05 3685.04
72480 -2.50807e+07 -8.17432e+06 -1204.42 3695.83
72540 -2.5152e+07 -7.95225e+06 -1171.7 3706.34
72600 -2.52213e+07 -7.72956e+06 -1138.88 3716.55
72660 -2.52887e+07 -7.50627e+06 -1105.98 3726.48
72720 -2.53541e+07 -7.28239e+06 -1072.99 3736.11
72780 -2.54175e+07 -7.05794e+06 -1039.92 3745.46
72840 -2.54789e+07 -6.83294e+06 -1006.76 3754.5
72900 -2.55383e+07 -6.60741e+06 -973.526 3763.26
72960 -2.55957e+07 -6.38136e+06 -940.216 3771.72
73020 -2.56511e+07 -6.15481e+06 -906.832 3779.89
73080 -2.57045e+07 -5.92778e+06 -873.378 3787.76
73140 -2.57559e+07 -5.70028e+06 -839.855 3795.33
73200 -2.58053e+07 -5.47234e+06 -806.267 3802.61
73260 -2.58526e+07 -5.24397e+06 -772.615 3809.59
73320 -2.5898e+07 -5.0152e+06 -738.903 3816.28
73380 -2.59413e+07 -4.78603e+06 -705.133 3822.66
73440 -2.59826e+07 -4.55648e+06 -671.308 3828.75
73500 -2.60219e+07 -4.32658e+06 -637.431 3834.53
73560 -2.60591e+07 -4.09635e+06 -603.504 3840.02
73620 -2.60943e+07 -3.86579e+06 -569.529 3845.21
73680 -2.61274e+07 -3.63493e+06 -535.51 3850.09
73740 -2.61585e+07 -3.40378e+06 -501.449 3854.68
73800 -2.61876e+07 -3.17237e+06 -467.349 3858.96
73860 -2.62146e+07 -2.94071e+06 -433.212 3862.94
73920 -2.62396e+07 -2.70882e+06 -399.042 3866.62
73980 -2.62625e+07 -2.47672e+06 -364.84 3870
74040 -2.62834e+07 -2.24443e+06 -330.61 3873.08
74100 -2.63022e+07 -2.01196e+06 -296.353 3875.85
74160 -2.63189e+07 -1.77933e+06 -262.074 3878.32
74220 -2.63336e+07 -1.54657e+06 -227.774 3880.49
74280 -2.63463e+07 -1.31368e+06 -193.456 3882.35
74340 -2.63568e+07 -1.08069e+06 -159.123 3883.91
74400 -2.63654e+07 -847618 -124.778 3885.17
74460 -2.63718e+07 -614478 -90.4225 3886.12
74520 -2.63762e+07 -381290 -56.0602 3886.77
74580 -2.63785e+07 -148072 -21.6935 3887.11
74640 -2.63788e+07 85157.4 12.6749 3887.15
74700 -2.6377e+07 318380 47.0424 3886.89
74760 -2.63732e+07 551578 81.4063 3886.32
74820 -2.63673e+07 784733 115.764 3885.45
74880 -2.63593e+07 1.01783e+06 150.112 3884.28
74940 -2.63492e+07 1.25084e+06 184.449 3882.8
75000 -2.63371e+07 1.48376e+06 218.771 3881.02
75060 -2.6323e+07 1.71656e+06 253.077 3878.93
75120 -2.63068e+07 1.94922e+06 287.362 3876.55
75180 -2.62885e+07 2.18174e+06 321.625 3873.86
75240 -2.62682e+07 2.41408e+06 355.863 3870.86
75300 -2.62458e+07 2.64623e+06 390.074 3867.57
75360 -2.62214e+07 2.87818e+06 424.253 3863.97
75420 -2.61949e+07 3.1099e+06 458.4 3860.07
75480 -2.61664e+07 3.34138e+06 492.511 3855.86
75540 -2.61358e+07 3.5726e+06 526.583 3851.36
75600 -2.61032e+07 3.80354e+06 560.614 3846.55
75660 -2.60685e+07 4.03418e+06 594.602 3841.45
75720 -2.60318e+07 4.26451e+06 628.543 3836.04
75780 -2.59931e+07 4.4945e+06 662.435 3830.34
75840 -2.59523e+07 4.72414e+06 696.275 3824.33
75900 -2.59095e+07 4.95341e+06 730.06 3818.03
75960 -2.58647e+07 5.1823e+06 763.789 3811.42
76020 -2.58179e+07 5.41078e+06 797.458 3804.52
76080 -2.5769e+07 5.63884e+06 831.065 3797.32
76140 -2.57182e+07 5.86645e+06 864.606 3789.83
76200 -2.56653e+07 6.09361e+06 898.08 3782.04
76260 -2.56104e+07 6.32029e+06 931.484 3773.95
76320 -2.55535e+07 6.54648e+06 964.816 3765.57
76380 -2.54946e+07 6.77215e+06 998.071 3756.89
76440 -2.54337e+07 6.9973e+06 1031.25 3747.92
76500 -2.53709e+07 7.2219e+06 1064.35 3738.66
76560 -2.5306e+07 7.44593e+06 1097.36 3729.1
76620 -2.52392e+07 7.66938e+06 1130.29 3719.25
76680 -2.51704e+07 7.89224e+06 1163.13 3709.12
76740 -2.50996e+07 8.11447e+06 1195.88 3698.69
76800 -2.50269e+07 8.33607e+06 1228.53 3687.97
76860 -2.49522e+07 8.55702e+06 1261.09 3676.97
76920 -2.48756e+07 8.7773e+06 1293.55 3665.67
76980 -2.4797e+07 8.9969e+06 1325.91 3654.09
77040 -2.47164e+07 9.21579e+06 1358.17 3642.23
77100 -2.4634e+07 9.43396e+06 1390.32 3630.08
77160 -2.45496e+07 9.65139e+06 1422.36 3617.65
77220 -2.44633e+07 9.86807e+06 1454.29 3604.93
77280 -2.43751e+07 1.0084e+07 1486.11 3591.93
77340 -2.4285e+07 1.02991e+07 1517.81 3578.65
77400 -2.4193e+07 1.05134e+07 1549.39 3565.09
77460 -2.40991e+07 1.07269e+07 1580.85 3551.26
77520 -2.40033e+07 1.09396e+07 1612.19 3537.14
77580 -2.39056e+07 1.11514e+07 1643.4 3522.75
77640 -2.38061e+07 1.13623e+07 1674.48 3508.08
77700 -2.37047e+07 1.15723e+07 1705.43 3493.14
77760 -2.36014e+07 1.17815e+07 1736.25 3477.93
77820 -2.34963e+07 1.19897e+07 1766.94 3462.44
77880 -2.33894e+07 1.21969e+07 1797.48 3446.68
77940 -2.32806e+07 1.24033e+07 1827.89 3430.66
78000 -2.317e+07 1.26086e+07 1858.15 3414.36
78060 -2.30576e+07 1.2813e+07 1888.26 3397.8
78120 -2.29434e+07 1.30163e+07 1918.23 3380.98
78180 -2.28275e+07 1.32187e+07 1948.05 3363.88
78240 -2.27097e+07 1.342e+07 1977.72 3346.53
78300 -2.25901e+07 1.36203e+07 2007.23 3328.91
78360 -2.24688e+07 1.38195e+07 2036.58 3311.04
78420 -2.23457e+07 1.40176e+07 2065.78 3292.9
78480 -2.22209e+07 1.42146e+07 2094.81 3274.51
78540 -2.20944e+07 1.44105e+07 2123.68 3255.86
78600 -2.19661e+07 1.46053e+07 2152.39 3236.96
78660 -2.18361e+07 1.4799e+07 2180.92 3217.8
78720 -2.17044e+07 1.49914e+07 2209.29 3198.39
78780 -2.1571e+07 1.51828e+07 2237.48 3178.74
78840 -2.14359e+07 1.53729e+07 2265.5 3158.83
78900 -2.12991e+07 1.55618e+07 2293.34 3138.68
78960 -2.11607e+07 1.57495e+07 2321 3118.28
79020 -2.10206e+07 1.5936e+07 2348.48 3097.63
79080 -2.08789e+07 1.61212e+07 2375.78 3076.75
79140 -2.07355e+07 1.63052e+07 2402.89 3055.62
79200 -2.05905e+07 1.64879e+07 2429.81 3034.26
79260 -2.04439e+07 1.66693e+07 2456.55 3012.66
79320 -2.02958e+07 1.68494e+07 2483.09 2990.82
79380 -2.0146e+07 1.70282e+07 2509.44 2968.75
79440 -1.99946e+07 1.72057e+07 2535.59 2946.45
79500 -1.98417e+07 1.73818e+07 2561.54 2923.91
79560 -1.96872e+07 1.75565e+07 2587.29 2901.15
79620 -1.95312e+07 1.77299e+07 2612.84 2878.16
79680 -1.93737e+07 1.79019e+07 2638.19 2854.95
79740 -1.92147e+07 1.80725e+07 2663.33 2831.51
79800 -1.90541e+07 1.82417e+07 2688.26 2807.86
79860 -1.88921e+07 1.84094e+07 2712.98 2783.98
79920 -1.87286e+07 1.85758e+07 2737.49 2759.88
79980 -1.85636e+07 1.87406e+07 2761.79 2735.57
80040 -1.83971e+07 1.8904e+07 2785.87 2711.05
80100 -1.82293e+07 1.90659e+07 2809.73 2686.31
80160 -1.806e+07 1.92264e+07 2833.37 2661.36
80220 -1.78893e+07 1.93853e+07 2856.79 2636.21
80280 -1.77172e+07 1.95427e+07 2879.99 2610.85
80340 -1.75437e+07 1.96986e+07 2902.96 2585.28
80400 -1.73688e+07 1.98529e+07 2925.71 2559.51
80460 -1.71926e+07 2.00057e+07 2948.22 2533.55
80520 -1.7015e+07 2.0157e+07 2970.51 2507.38
80580 -1.68361e+07 2.03066e+07 2992.56 2481.02
80640 -1.66559e+07 2.04547e+07 3014.38 2454.46
80700 -1.64744e+07 2.06011e+07 3035.97 2427.72
80760 -1.62916e+07 2.0746e+07 3057.31 2400.78
80820 -1.61076e+07 2.08892e+07 3078.42 2373.65
80880 -1.59222e+07 2.10308e+07 3099.29 2346.34
80940 -1.57356e+07 2.11708e+07 3119.91 2318.85
81000 -1.55478e+07 2.13091e+07 3140.29 2291.17
81060 -1.53588e+07 2.14457e+07 3160.43 2263.32
81120 -1.51686e+07 2.15807e+07 3180.32 2235.29
81180 -1.49772e+07 2.1714e+07 3199.96 2207.08
81240 -1.47846e+07 2.18455e+07 3219.35 2178.7
81300 -1.45909e+07 2.19754e+07 3238.48 2150.15
81360 -1.4396e+07 2.21036e+07 3257.37 2121.43
81420 -1.42e+07 2.223e+07 3276 2092.55
81480 -1.40029e+07 2.23547e+07 3294.37 2063.5
81540 -1.38047e+07 2.24776e+07 3312.49 2034.3
81600 -1.36054e+07 2.25988e+07 3330.35 2004.93
81660 -1.3405e+07 2.27182e+07 3347.95 1975.41
81720 -1.32036e+07 2.28358e+07 3365.28 1945.73
81780 -1.30012e+07 2.29517e+07 3382.35 1915.9
81840 -1.27978e+07 2.30657e+07 3399.16 1885.92
81900 -1.25933e+07 2.3178e+07 3415.7 1855.79
81960 -1.23879e+07 2.32884e+07 3431.98 1825.52
82020 -1.21815e+07 2.3397e+07 3447.99 1795.1
82080 -1.19741e+07 2.35038e+07 3463.72 1764.54
82140 -1.17658e+07 2.36088e+07 3479.19 1733.85
82200 -1.15566e+07 2.37119e+07 3494.38 1703.02
82260 -1.13465e+07 2.38131e+07 3509.31 1672.06
82320 -1.11355e+07 2.39125e+07 3523.95 1640.97
82380 -1.09236e+07 2.401e+07 3538.32 1609.74
82440 -1.07109e+07 2.41057e+07 3552.42 1578.4
82500 -1.04974e+07 2.41994e+07 3566.24 1546.93
82560 -1.0283e+07 2.42913e+07 3579.77 1515.33
82620 -1.00678e+07 2.43813e+07 3593.03 1483.62
82680 -9.85182e+06 2.44693e+07 3606.01 1451.8
82740 -9.63508e+06 2.45555e+07 3618.71 1419.86
82800 -9.41758e+06 2.46397e+07 3631.12 1387.81
82860 -9.19935e+06 2.4722e+07 3643.25 1355.65
82920 -8.9804e+06 2.48024e+07 3655.09 1323.38
82980 -8.76074e+06 2.48808e+07 3666.65 1291.01
83040 -8.5404e+06 2.49573e+07 3677.92 1258.54
83100 -8.3194e+06 2.50319e+07 3688.91 1225.98
83160 -8.09774e+06 2.51044e+07 3699.6 1193.31
83220 -7.87545e+06 2.51751e+07 3710.01 1160.55
83280 -7.65255e+06 2.52437e+07 3720.13 1127.71
83340 -7.42904e+06 2.53104e+07 3729.95 1094.77
83400 -7.20496e+06 2.53751e+07 3739.49 1061.75
83460 -6.98031e+06 2.54378e+07 3748.73 1028.64
83520 -6.75512e+06 2.54985e+07 3757.68 995.458
83580 -6.52939e+06 2.55572e+07 3766.33 962.195
83640 -6.30316e+06 2.5614e+07 3774.69 928.856
83700 -6.07644e+06 2.56687e+07 3782.76 895.445
83760 -5.84924e+06 2.57214e+07 3790.53 861.964
83820 -5.62158e+06 2.57721e+07 3798 828.416
83880 -5.39348e+06 2.58208e+07 3805.18 794.803
83940 -5.16496e+06 2.58675e+07 3812.06 761.128
84000 -4.93604e+06 2.59122e+07 3818.64 727.393
84060 -4.70673e+06 2.59548e+07 3824.92 693.601
84120 -4.47706e+06 2.59954e+07 3830.9 659.755
84180 -4.24703e+06 2.6034e+07 3836.59 625.858
84240 -4.01667e+06 2.60705e+07 3841.97 591.912
84300 -3.786e+06 2.6105e+07 3847.05 557.919
84360 -3.55503e+06 2.61375e+07 3851.84 523.883
84420 -3.32379e+06 2.61679e+07 3856.32 489.805
84480 -3.09228e+06 2.61962e+07 3860.5 455.69
84540 -2.86053e+06 2.62225e+07 3864.38 421.539
84600 -2.62856e+06 2.62468e+07 3867.95 387.355
84660 -2.39639e+06 2.6269e+07 3871.23 353.14
84720 -2.16402e+06 2.62892e+07 3874.2 318.898
84780 -1.93149e+06 2.63073e+07 3876.87 284.631
84840 -1.6988e+06 2.63233e+07 3879.23 250.342
84900 -1.46599e+06 2.63373e+07 3881.29 216.033
84960 -1.23305e+06 2.63493e+07 3883.05 181.707
85020 -1.00003e+06 2.63591e+07 3884.51 147.368
85080 -766920 2.63669e+07 3885.66 113.016
85140 -533754 2.63727e+07 3886.5 78.6559
85200 -300546 2.63764e+07 3887.05 44.2895
85260 -67314.1 2.6378e+07 3887.29 9.91966
85320 165923 2.63776e+07 3887.22 -24.451
85380 399147 2.63751e+07 3886.85 -58.8197
85440 632339 2.63705e+07 3886.18 -93.1838
85500 865482 2.63639e+07 3885.21 -127.541
85560 1.09856e+06 2.63552e+07 3883.93 -161.888
85620 1.33155e+06 2.63445e+07 3882.34 -196.222
85680 1.56443e+06 2.63317e+07 3880.46 -230.541
85740 1.7972e+06 2.63168e+07 3878.27 -264.841
85800 2.02982e+06 2.62999e+07 3875.77 -299.122
85860 2.26228e+06 2.62809e+07 3872.98 -333.378
85920 2.49457e+06 2.62599e+07 3869.88 -367.609
85980 2.72666e+06 2.62368e+07 3866.48 -401.811
86040 2.95854e+06 2.62117e+07 3862.77 -435.981
86100 3.19019e+06 2.61845e+07 3858.77 -470.118
86160 3.42159e+06 2.61553e+07 3854.46 -504.218
86220 3.65272e+06 2.6124e+07 3849.85 -538.278
86280 3.88356e+06 2.60907e+07 3844.94 -572.296
86340 4.11411e+06 2.60553e+07 3839.73 -606.269
86400 4.34433e+06 2.60179e+07 3834.22 -640.195
